genetic_distance(cM)	Weighted_correlation	Fitted_values
0.020	 0.09030	0.0937309
0.021	 0.08909	0.0934348
0.022	 0.09324	0.0931396
0.023	 0.08760	0.0928454
0.024	 0.09792	0.0925521
0.025	 0.09375	0.0922598
0.026	 0.10747	0.0919685
0.027	 0.10093	0.0916782
0.028	 0.09065	0.0913887
0.029	 0.09201	0.0911003
0.030	 0.08841	0.0908128
0.031	 0.09084	0.0905262
0.032	 0.09337	0.0902406
0.033	 0.09358	0.0899559
0.034	 0.08910	0.0896721
0.035	 0.08467	0.0893893
0.036	 0.08892	0.0891074
0.037	 0.08529	0.0888265
0.038	 0.08853	0.0885464
0.039	 0.08451	0.0882673
0.040	 0.08910	0.0879891
0.041	 0.09706	0.0877118
0.042	 0.09008	0.0874354
0.043	 0.08572	0.0871600
0.044	 0.08673	0.0868854
0.045	 0.09015	0.0866118
0.046	 0.09864	0.0863390
0.047	 0.09228	0.0860671
0.048	 0.08522	0.0857962
0.049	 0.10066	0.0855261
0.050	 0.09352	0.0852569
0.051	 0.08177	0.0849886
0.052	 0.08453	0.0847211
0.053	 0.07893	0.0844546
0.054	 0.07977	0.0841889
0.055	 0.07832	0.0839241
0.056	 0.07475	0.0836602
0.057	 0.07923	0.0833971
0.058	 0.08394	0.0831349
0.059	 0.08533	0.0828736
0.060	 0.08506	0.0826131
0.061	 0.08338	0.0823535
0.062	 0.07966	0.0820947
0.063	 0.08368	0.0818368
0.064	 0.07674	0.0815797
0.065	 0.07884	0.0813235
0.066	 0.06370	0.0810681
0.067	 0.06268	0.0808136
0.068	 0.06039	0.0805599
0.069	 0.07136	0.0803070
0.070	 0.07981	0.0800550
0.071	 0.07977	0.0798038
0.072	 0.08211	0.0795534
0.073	 0.07742	0.0793038
0.074	 0.07204	0.0790551
0.075	 0.07525	0.0788071
0.076	 0.07478	0.0785600
0.077	 0.06896	0.0783137
0.078	 0.08147	0.0780682
0.079	 0.09192	0.0778235
0.080	 0.08693	0.0775797
0.081	 0.08826	0.0773366
0.082	 0.07646	0.0770943
0.083	 0.08000	0.0768528
0.084	 0.08124	0.0766121
0.085	 0.08448	0.0763722
0.086	 0.07325	0.0761331
0.087	 0.06865	0.0758948
0.088	 0.06987	0.0756572
0.089	 0.06221	0.0754205
0.090	 0.07270	0.0751845
0.091	 0.07955	0.0749493
0.092	 0.07142	0.0747148
0.093	 0.06164	0.0744812
0.094	 0.07015	0.0742483
0.095	 0.07903	0.0740162
0.096	 0.07990	0.0737848
0.097	 0.06828	0.0735542
0.098	 0.06162	0.0733243
0.099	 0.05940	0.0730952
0.100	 0.06644	0.0728669
0.101	 0.06912	0.0726393
0.102	 0.06130	0.0724124
0.103	 0.06490	0.0721864
0.104	 0.07732	0.0719610
0.105	 0.06564	0.0717364
0.106	 0.06849	0.0715125
0.107	 0.07178	0.0712894
0.108	 0.06364	0.0710670
0.109	 0.06486	0.0708453
0.110	 0.06527	0.0706243
0.111	 0.06488	0.0704041
0.112	 0.06353	0.0701846
0.113	 0.06236	0.0699658
0.114	 0.06231	0.0697478
0.115	 0.05555	0.0695304
0.116	 0.06272	0.0693138
0.117	 0.06082	0.0690979
0.118	 0.07033	0.0688827
0.119	 0.07201	0.0686682
0.120	 0.07644	0.0684544
0.121	 0.07643	0.0682413
0.122	 0.07398	0.0680289
0.123	 0.08221	0.0678172
0.124	 0.07912	0.0676062
0.125	 0.07072	0.0673959
0.126	 0.07444	0.0671863
0.127	 0.07539	0.0669774
0.128	 0.07922	0.0667691
0.129	 0.08203	0.0665616
0.130	 0.09206	0.0663547
0.131	 0.08659	0.0661485
0.132	 0.09272	0.0659430
0.133	 0.09444	0.0657382
0.134	 0.09404	0.0655340
0.135	 0.07560	0.0653305
0.136	 0.07245	0.0651277
0.137	 0.06020	0.0649255
0.138	 0.06178	0.0647240
0.139	 0.06882	0.0645232
0.140	 0.06619	0.0643230
0.141	 0.06529	0.0641235
0.142	 0.06577	0.0639247
0.143	 0.05787	0.0637264
0.144	 0.06123	0.0635289
0.145	 0.06675	0.0633320
0.146	 0.05868	0.0631357
0.147	 0.06122	0.0629401
0.148	 0.05224	0.0627452
0.149	 0.06656	0.0625508
0.150	 0.05995	0.0623571
0.151	 0.06149	0.0621641
0.152	 0.06391	0.0619717
0.153	 0.06019	0.0617799
0.154	 0.06166	0.0615887
0.155	 0.05569	0.0613982
0.156	 0.05297	0.0612083
0.157	 0.05545	0.0610190
0.158	 0.04672	0.0608303
0.159	 0.04966	0.0606423
0.160	 0.04759	0.0604549
0.161	 0.05247	0.0602681
0.162	 0.05233	0.0600819
0.163	 0.05256	0.0598963
0.164	 0.05576	0.0597114
0.165	 0.05974	0.0595270
0.166	 0.05701	0.0593432
0.167	 0.06996	0.0591601
0.168	 0.06665	0.0589775
0.169	 0.06238	0.0587956
0.170	 0.06223	0.0586143
0.171	 0.05575	0.0584335
0.172	 0.06028	0.0582533
0.173	 0.05827	0.0580738
0.174	 0.05752	0.0578948
0.175	 0.05237	0.0577164
0.176	 0.05732	0.0575386
0.177	 0.05209	0.0573614
0.178	 0.05617	0.0571847
0.179	 0.05364	0.0570087
0.180	 0.06268	0.0568332
0.181	 0.06288	0.0566583
0.182	 0.05203	0.0564840
0.183	 0.05403	0.0563102
0.184	 0.04854	0.0561370
0.185	 0.05646	0.0559644
0.186	 0.05864	0.0557924
0.187	 0.05610	0.0556209
0.188	 0.05250	0.0554500
0.189	 0.05803	0.0552796
0.190	 0.06175	0.0551098
0.191	 0.05299	0.0549406
0.192	 0.04884	0.0547719
0.193	 0.05242	0.0546038
0.194	 0.04973	0.0544362
0.195	 0.04681	0.0542692
0.196	 0.04436	0.0541027
0.197	 0.04065	0.0539368
0.198	 0.05033	0.0537714
0.199	 0.05255	0.0536066
0.200	 0.04437	0.0534423
0.201	 0.03721	0.0532785
0.202	 0.04752	0.0531153
0.203	 0.04884	0.0529526
0.204	 0.04910	0.0527905
0.205	 0.05031	0.0526289
0.206	 0.05534	0.0524678
0.207	 0.06126	0.0523072
0.208	 0.06527	0.0521472
0.209	 0.06036	0.0519877
0.210	 0.06507	0.0518287
0.211	 0.07600	0.0516703
0.212	 0.07679	0.0515123
0.213	 0.06173	0.0513549
0.214	 0.06106	0.0511980
0.215	 0.05527	0.0510416
0.216	 0.05181	0.0508858
0.217	 0.04472	0.0507304
0.218	 0.04333	0.0505756
0.219	 0.04891	0.0504212
0.220	 0.05410	0.0502674
0.221	 0.04348	0.0501141
0.222	 0.04550	0.0499613
0.223	 0.04630	0.0498089
0.224	 0.04454	0.0496571
0.225	 0.05039	0.0495058
0.226	 0.04838	0.0493550
0.227	 0.04435	0.0492047
0.228	 0.04582	0.0490548
0.229	 0.03938	0.0489055
0.230	 0.03658	0.0487566
0.231	 0.04108	0.0486083
0.232	 0.03966	0.0484604
0.233	 0.04059	0.0483130
0.234	 0.04967	0.0481661
0.235	 0.04746	0.0480197
0.236	 0.04592	0.0478738
0.237	 0.04946	0.0477283
0.238	 0.05803	0.0475833
0.239	 0.05711	0.0474388
0.240	 0.06167	0.0472948
0.241	 0.06019	0.0471512
0.242	 0.07602	0.0470082
0.243	 0.05776	0.0468655
0.244	 0.05283	0.0467234
0.245	 0.04887	0.0465817
0.246	 0.05035	0.0464405
0.247	 0.06045	0.0462998
0.248	 0.05523	0.0461595
0.249	 0.05734	0.0460197
0.250	 0.04979	0.0458803
0.251	 0.05290	0.0457414
0.252	 0.05629	0.0456029
0.253	 0.05127	0.0454649
0.254	 0.05019	0.0453274
0.255	 0.03976	0.0451903
0.256	 0.03587	0.0450537
0.257	 0.04081	0.0449175
0.258	 0.03944	0.0447817
0.259	 0.04042	0.0446464
0.260	 0.03697	0.0445116
0.261	 0.04038	0.0443772
0.262	 0.03393	0.0442432
0.263	 0.03181	0.0441097
0.264	 0.02984	0.0439766
0.265	 0.03387	0.0438440
0.266	 0.02846	0.0437117
0.267	 0.02899	0.0435800
0.268	 0.03331	0.0434486
0.269	 0.03211	0.0433177
0.270	 0.03672	0.0431872
0.271	 0.03365	0.0430572
0.272	 0.03567	0.0429275
0.273	 0.02682	0.0427983
0.274	 0.03526	0.0426696
0.275	 0.03936	0.0425412
0.276	 0.04516	0.0424133
0.277	 0.03821	0.0422858
0.278	 0.04625	0.0421587
0.279	 0.04670	0.0420320
0.280	 0.05016	0.0419057
0.281	 0.04256	0.0417799
0.282	 0.04433	0.0416544
0.283	 0.04432	0.0415294
0.284	 0.05551	0.0414048
0.285	 0.05660	0.0412806
0.286	 0.04782	0.0411568
0.287	 0.03991	0.0410334
0.288	 0.04351	0.0409105
0.289	 0.04724	0.0407879
0.290	 0.04482	0.0406657
0.291	 0.03657	0.0405440
0.292	 0.03965	0.0404226
0.293	 0.03428	0.0403016
0.294	 0.02856	0.0401810
0.295	 0.03412	0.0400609
0.296	 0.02964	0.0399411
0.297	 0.03203	0.0398217
0.298	 0.03940	0.0397027
0.299	 0.03412	0.0395841
0.300	 0.02899	0.0394659
0.301	 0.03763	0.0393481
0.302	 0.03504	0.0392306
0.303	 0.03560	0.0391136
0.304	 0.02992	0.0389969
0.305	 0.03295	0.0388806
0.306	 0.03848	0.0387647
0.307	 0.03592	0.0386492
0.308	 0.03154	0.0385340
0.309	 0.02912	0.0384193
0.310	 0.04155	0.0383049
0.311	 0.04213	0.0381909
0.312	 0.03312	0.0380772
0.313	 0.03695	0.0379640
0.314	 0.03203	0.0378511
0.315	 0.03552	0.0377386
0.316	 0.03899	0.0376264
0.317	 0.03948	0.0375146
0.318	 0.04595	0.0374032
0.319	 0.05016	0.0372922
0.320	 0.05217	0.0371815
0.321	 0.06194	0.0370712
0.322	 0.07132	0.0369612
0.323	 0.06133	0.0368516
0.324	 0.05263	0.0367424
0.325	 0.05946	0.0366335
0.326	 0.05733	0.0365250
0.327	 0.04865	0.0364168
0.328	 0.04453	0.0363090
0.329	 0.04619	0.0362016
0.330	 0.04450	0.0360945
0.331	 0.03470	0.0359877
0.332	 0.04770	0.0358813
0.333	 0.03989	0.0357753
0.334	 0.03323	0.0356696
0.335	 0.03208	0.0355642
0.336	 0.03053	0.0354592
0.337	 0.03229	0.0353546
0.338	 0.02957	0.0352502
0.339	 0.02774	0.0351463
0.340	 0.03352	0.0350426
0.341	 0.03086	0.0349394
0.342	 0.02832	0.0348364
0.343	 0.02362	0.0347338
0.344	 0.02805	0.0346315
0.345	 0.02987	0.0345296
0.346	 0.03924	0.0344280
0.347	 0.02706	0.0343267
0.348	 0.02520	0.0342258
0.349	 0.03267	0.0341252
0.350	 0.03155	0.0340249
0.351	 0.02713	0.0339249
0.352	 0.03157	0.0338253
0.353	 0.03112	0.0337260
0.354	 0.03480	0.0336271
0.355	 0.03240	0.0335284
0.356	 0.03068	0.0334301
0.357	 0.03051	0.0333321
0.358	 0.02718	0.0332344
0.359	 0.02793	0.0331371
0.360	 0.02545	0.0330401
0.361	 0.02657	0.0329434
0.362	 0.02984	0.0328470
0.363	 0.03152	0.0327509
0.364	 0.02998	0.0326551
0.365	 0.03358	0.0325597
0.366	 0.02970	0.0324646
0.367	 0.02640	0.0323697
0.368	 0.02836	0.0322752
0.369	 0.03200	0.0321810
0.370	 0.03382	0.0320872
0.371	 0.04019	0.0319936
0.372	 0.02913	0.0319003
0.373	 0.03381	0.0318073
0.374	 0.03043	0.0317147
0.375	 0.03106	0.0316223
0.376	 0.03571	0.0315303
0.377	 0.03369	0.0314385
0.378	 0.03899	0.0313471
0.379	 0.04004	0.0312559
0.380	 0.03220	0.0311651
0.381	 0.03560	0.0310745
0.382	 0.03396	0.0309843
0.383	 0.03469	0.0308943
0.384	 0.04058	0.0308047
0.385	 0.03605	0.0307153
0.386	 0.03581	0.0306262
0.387	 0.03577	0.0305375
0.388	 0.03806	0.0304490
0.389	 0.03281	0.0303608
0.390	 0.02795	0.0302729
0.391	 0.03369	0.0301853
0.392	 0.03647	0.0300979
0.393	 0.02609	0.0300109
0.394	 0.02422	0.0299241
0.395	 0.03062	0.0298377
0.396	 0.03223	0.0297515
0.397	 0.03561	0.0296656
0.398	 0.03447	0.0295800
0.399	 0.04610	0.0294946
0.400	 0.03667	0.0294096
0.401	 0.04435	0.0293248
0.402	 0.03810	0.0292403
0.403	 0.03493	0.0291561
0.404	 0.03270	0.0290721
0.405	 0.03130	0.0289885
0.406	 0.02797	0.0289051
0.407	 0.02643	0.0288219
0.408	 0.03548	0.0287391
0.409	 0.03242	0.0286565
0.410	 0.03102	0.0285742
0.411	 0.02713	0.0284922
0.412	 0.02940	0.0284104
0.413	 0.02227	0.0283289
0.414	 0.02285	0.0282477
0.415	 0.02751	0.0281667
0.416	 0.02803	0.0280860
0.417	 0.01987	0.0280056
0.418	 0.02019	0.0279254
0.419	 0.01964	0.0278455
0.420	 0.02099	0.0277659
0.421	 0.02491	0.0276865
0.422	 0.02407	0.0276074
0.423	 0.02472	0.0275286
0.424	 0.03570	0.0274500
0.425	 0.02857	0.0273716
0.426	 0.02372	0.0272935
0.427	 0.03008	0.0272157
0.428	 0.02926	0.0271381
0.429	 0.03097	0.0270608
0.430	 0.03142	0.0269838
0.431	 0.03652	0.0269070
0.432	 0.03875	0.0268304
0.433	 0.04090	0.0267541
0.434	 0.03745	0.0266781
0.435	 0.04334	0.0266023
0.436	 0.03568	0.0265267
0.437	 0.03346	0.0264514
0.438	 0.02892	0.0263763
0.439	 0.02784	0.0263015
0.440	 0.02638	0.0262270
0.441	 0.02824	0.0261526
0.442	 0.02560	0.0260786
0.443	 0.02393	0.0260047
0.444	 0.02463	0.0259311
0.445	 0.02460	0.0258578
0.446	 0.02970	0.0257847
0.447	 0.03042	0.0257118
0.448	 0.03088	0.0256392
0.449	 0.02651	0.0255668
0.450	 0.03112	0.0254947
0.451	 0.03130	0.0254227
0.452	 0.03017	0.0253511
0.453	 0.02812	0.0252796
0.454	 0.02335	0.0252084
0.455	 0.02400	0.0251375
0.456	 0.03316	0.0250667
0.457	 0.03497	0.0249962
0.458	 0.02181	0.0249259
0.459	 0.02507	0.0248559
0.460	 0.02891	0.0247861
0.461	 0.03265	0.0247165
0.462	 0.02458	0.0246471
0.463	 0.02192	0.0245780
0.464	 0.02326	0.0245091
0.465	 0.02533	0.0244404
0.466	 0.02610	0.0243720
0.467	 0.02474	0.0243038
0.468	 0.02577	0.0242358
0.469	 0.02540	0.0241680
0.470	 0.03001	0.0241004
0.471	 0.02915	0.0240331
0.472	 0.03354	0.0239660
0.473	 0.02893	0.0238991
0.474	 0.03298	0.0238324
0.475	 0.02501	0.0237660
0.476	 0.02106	0.0236997
0.477	 0.02021	0.0236337
0.478	 0.02276	0.0235679
0.479	 0.01934	0.0235024
0.480	 0.02287	0.0234370
0.481	 0.02232	0.0233718
0.482	 0.02341	0.0233069
0.483	 0.02539	0.0232422
0.484	 0.02363	0.0231777
0.485	 0.02660	0.0231134
0.486	 0.02682	0.0230493
0.487	 0.02444	0.0229854
0.488	 0.02199	0.0229217
0.489	 0.02475	0.0228583
0.490	 0.01851	0.0227950
0.491	 0.02762	0.0227320
0.492	 0.02409	0.0226692
0.493	 0.01919	0.0226065
0.494	 0.02032	0.0225441
0.495	 0.01836	0.0224819
0.496	 0.01419	0.0224199
0.497	 0.01678	0.0223581
0.498	 0.01514	0.0222965
0.499	 0.01085	0.0222351
0.500	 0.01524	0.0221739
0.501	 0.01818	0.0221129
0.502	 0.02026	0.0220521
0.503	 0.02049	0.0219915
0.504	 0.02151	0.0219311
0.505	 0.02259	0.0218709
0.506	 0.02400	0.0218109
0.507	 0.02891	0.0217510
0.508	 0.02275	0.0216914
0.509	 0.01831	0.0216320
0.510	 0.01798	0.0215728
0.511	 0.02164	0.0215138
0.512	 0.02029	0.0214549
0.513	 0.02024	0.0213963
0.514	 0.02312	0.0213379
0.515	 0.02859	0.0212796
0.516	 0.02742	0.0212215
0.517	 0.01577	0.0211637
0.518	 0.02312	0.0211060
0.519	 0.02234	0.0210485
0.520	 0.02050	0.0209912
0.521	 0.02394	0.0209341
0.522	 0.02040	0.0208772
0.523	 0.01936	0.0208204
0.524	 0.02032	0.0207639
0.525	 0.01689	0.0207075
0.526	 0.01553	0.0206513
0.527	 0.01433	0.0205953
0.528	 0.01265	0.0205395
0.529	 0.01664	0.0204839
0.530	 0.01823	0.0204284
0.531	 0.03016	0.0203732
0.532	 0.03433	0.0203181
0.533	 0.02520	0.0202632
0.534	 0.02710	0.0202085
0.535	 0.02478	0.0201539
0.536	 0.02200	0.0200996
0.537	 0.01977	0.0200454
0.538	 0.01946	0.0199914
0.539	 0.01711	0.0199376
0.540	 0.02320	0.0198839
0.541	 0.02174	0.0198304
0.542	 0.02143	0.0197771
0.543	 0.01672	0.0197240
0.544	 0.01956	0.0196711
0.545	 0.01747	0.0196183
0.546	 0.01303	0.0195657
0.547	 0.01599	0.0195133
0.548	 0.01191	0.0194610
0.549	 0.00793	0.0194089
0.550	 0.00976	0.0193570
0.551	 0.00856	0.0193053
0.552	 0.00837	0.0192537
0.553	 0.01357	0.0192023
0.554	 0.01162	0.0191510
0.555	 0.01740	0.0191000
0.556	 0.01556	0.0190491
0.557	 0.01619	0.0189983
0.558	 0.01291	0.0189478
0.559	 0.01348	0.0188974
0.560	 0.01686	0.0188472
0.561	 0.01134	0.0187971
0.562	 0.00966	0.0187472
0.563	 0.00997	0.0186974
0.564	 0.01039	0.0186479
0.565	 0.01073	0.0185985
0.566	 0.01393	0.0185492
0.567	 0.01908	0.0185001
0.568	 0.01602	0.0184512
0.569	 0.01864	0.0184024
0.570	 0.02326	0.0183538
0.571	 0.02053	0.0183054
0.572	 0.02085	0.0182571
0.573	 0.02155	0.0182090
0.574	 0.02400	0.0181610
0.575	 0.01761	0.0181132
0.576	 0.01946	0.0180655
0.577	 0.01816	0.0180180
0.578	 0.01219	0.0179707
0.579	 0.01729	0.0179235
0.580	 0.01694	0.0178765
0.581	 0.01091	0.0178296
0.582	 0.00714	0.0177829
0.583	 0.00956	0.0177363
0.584	 0.01053	0.0176899
0.585	 0.00970	0.0176436
0.586	 0.01162	0.0175975
0.587	 0.01317	0.0175515
0.588	 0.01407	0.0175057
0.589	 0.01048	0.0174601
0.590	 0.01918	0.0174146
0.591	 0.01715	0.0173692
0.592	 0.01206	0.0173240
0.593	 0.02116	0.0172789
0.594	 0.01713	0.0172340
0.595	 0.01103	0.0171892
0.596	 0.01115	0.0171446
0.597	 0.01082	0.0171002
0.598	 0.01094	0.0170558
0.599	 0.00398	0.0170116
0.600	 0.00594	0.0169676
0.601	 0.00556	0.0169237
0.602	 0.00695	0.0168800
0.603	 0.01026	0.0168364
0.604	 0.00839	0.0167929
0.605	 0.00916	0.0167496
0.606	 0.00570	0.0167064
0.607	 0.00962	0.0166634
0.608	 0.01373	0.0166205
0.609	 0.01365	0.0165777
0.610	 0.01594	0.0165351
0.611	 0.01914	0.0164927
0.612	 0.01461	0.0164503
0.613	 0.01373	0.0164081
0.614	 0.01733	0.0163661
0.615	 0.01855	0.0163242
0.616	 0.02079	0.0162824
0.617	 0.01836	0.0162408
0.618	 0.01532	0.0161993
0.619	 0.01469	0.0161579
0.620	 0.01342	0.0161167
0.621	 0.01067	0.0160756
0.622	 0.01025	0.0160346
0.623	 0.01027	0.0159938
0.624	 0.01217	0.0159531
0.625	 0.01161	0.0159125
0.626	 0.00971	0.0158721
0.627	 0.01265	0.0158318
0.628	 0.01032	0.0157917
0.629	 0.00829	0.0157516
0.630	 0.00937	0.0157118
0.631	 0.00919	0.0156720
0.632	 0.00743	0.0156324
0.633	 0.00547	0.0155929
0.634	 0.00900	0.0155535
0.635	 0.01356	0.0155142
0.636	 0.01126	0.0154751
0.637	 0.00515	0.0154361
0.638	 0.01259	0.0153973
0.639	 0.01647	0.0153585
0.640	 0.01872	0.0153199
0.641	 0.01654	0.0152815
0.642	 0.01848	0.0152431
0.643	 0.01397	0.0152049
0.644	 0.01061	0.0151668
0.645	 0.01370	0.0151288
0.646	 0.01379	0.0150910
0.647	 0.01224	0.0150533
0.648	 0.01566	0.0150157
0.649	 0.01061	0.0149782
0.650	 0.01610	0.0149408
0.651	 0.02199	0.0149036
0.652	 0.02105	0.0148665
0.653	 0.01638	0.0148295
0.654	 0.01571	0.0147926
0.655	 0.01711	0.0147559
0.656	 0.01344	0.0147193
0.657	 0.01163	0.0146828
0.658	 0.00709	0.0146464
0.659	 0.01018	0.0146101
0.660	 0.01173	0.0145740
0.661	 0.01270	0.0145380
0.662	 0.01063	0.0145021
0.663	 0.00840	0.0144663
0.664	 0.00334	0.0144306
0.665	 0.00495	0.0143950
0.666	 0.00569	0.0143596
0.667	 0.00934	0.0143243
0.668	 0.00815	0.0142891
0.669	 0.01435	0.0142540
0.670	 0.01653	0.0142190
0.671	 0.01928	0.0141842
0.672	 0.01970	0.0141494
0.673	 0.01384	0.0141148
0.674	 0.01484	0.0140803
0.675	 0.00951	0.0140459
0.676	 0.01229	0.0140116
0.677	 0.00902	0.0139774
0.678	 0.01359	0.0139433
0.679	 0.01473	0.0139094
0.680	 0.01008	0.0138755
0.681	 0.00909	0.0138418
0.682	 0.00592	0.0138082
0.683	 0.00930	0.0137747
0.684	 0.00848	0.0137413
0.685	 0.01546	0.0137080
0.686	 0.01269	0.0136748
0.687	 0.01395	0.0136418
0.688	 0.01258	0.0136088
0.689	 0.01065	0.0135759
0.690	 0.00984	0.0135432
0.691	 0.01158	0.0135106
0.692	 0.01553	0.0134780
0.693	 0.01037	0.0134456
0.694	 0.01189	0.0134133
0.695	 0.01590	0.0133811
0.696	 0.00887	0.0133490
0.697	 0.01129	0.0133170
0.698	 0.01489	0.0132851
0.699	 0.01517	0.0132533
0.700	 0.01223	0.0132216
0.701	 0.01003	0.0131900
0.702	 0.00818	0.0131586
0.703	 0.00641	0.0131272
0.704	 0.00997	0.0130959
0.705	 0.00620	0.0130647
0.706	 0.00726	0.0130337
0.707	 0.00847	0.0130027
0.708	 0.01204	0.0129719
0.709	 0.01151	0.0129411
0.710	 0.00841	0.0129104
0.711	 0.00812	0.0128799
0.712	 0.01465	0.0128494
0.713	 0.01380	0.0128191
0.714	 0.01930	0.0127888
0.715	 0.01570	0.0127587
0.716	 0.01782	0.0127286
0.717	 0.02396	0.0126986
0.718	 0.02927	0.0126688
0.719	 0.02181	0.0126390
0.720	 0.02025	0.0126093
0.721	 0.01406	0.0125798
0.722	 0.01327	0.0125503
0.723	 0.01645	0.0125209
0.724	 0.01861	0.0124917
0.725	 0.01943	0.0124625
0.726	 0.01796	0.0124334
0.727	 0.01860	0.0124044
0.728	 0.01717	0.0123755
0.729	 0.01540	0.0123467
0.730	 0.01345	0.0123180
0.731	 0.01403	0.0122894
0.732	 0.01293	0.0122609
0.733	 0.01626	0.0122324
0.734	 0.01029	0.0122041
0.735	 0.01013	0.0121759
0.736	 0.01222	0.0121477
0.737	 0.00728	0.0121197
0.738	 0.00578	0.0120917
0.739	 0.00864	0.0120639
0.740	 0.01039	0.0120361
0.741	 0.00841	0.0120084
0.742	 0.01064	0.0119808
0.743	 0.01016	0.0119533
0.744	 0.00724	0.0119259
0.745	 0.00736	0.0118986
0.746	 0.00863	0.0118713
0.747	 0.00666	0.0118442
0.748	 0.01197	0.0118171
0.749	 0.01038	0.0117902
0.750	 0.01379	0.0117633
0.751	 0.01299	0.0117365
0.752	 0.01733	0.0117098
0.753	 0.02050	0.0116832
0.754	 0.01646	0.0116567
0.755	 0.01236	0.0116302
0.756	 0.01053	0.0116039
0.757	 0.01238	0.0115776
0.758	 0.01119	0.0115514
0.759	 0.01311	0.0115254
0.760	 0.00829	0.0114993
0.761	 0.00879	0.0114734
0.762	 0.01345	0.0114476
0.763	 0.00958	0.0114218
0.764	 0.00992	0.0113962
0.765	 0.01022	0.0113706
0.766	 0.00726	0.0113451
0.767	 0.00898	0.0113197
0.768	 0.00838	0.0112944
0.769	 0.00869	0.0112691
0.770	 0.00934	0.0112439
0.771	 0.00995	0.0112189
0.772	 0.01100	0.0111939
0.773	 0.00860	0.0111689
0.774	 0.01010	0.0111441
0.775	 0.00781	0.0111194
0.776	 0.01622	0.0110947
0.777	 0.01270	0.0110701
0.778	 0.01074	0.0110456
0.779	 0.01420	0.0110212
0.780	 0.01495	0.0109968
0.781	 0.01833	0.0109725
0.782	 0.01866	0.0109484
0.783	 0.02377	0.0109242
0.784	 0.02186	0.0109002
0.785	 0.01890	0.0108763
0.786	 0.01339	0.0108524
0.787	 0.01667	0.0108286
0.788	 0.01376	0.0108049
0.789	 0.02087	0.0107812
0.790	 0.02216	0.0107577
0.791	 0.02284	0.0107342
0.792	 0.01709	0.0107108
0.793	 0.02435	0.0106875
0.794	 0.02449	0.0106642
0.795	 0.02712	0.0106410
0.796	 0.02186	0.0106179
0.797	 0.02432	0.0105949
0.798	 0.01562	0.0105720
0.799	 0.01911	0.0105491
0.800	 0.01735	0.0105263
0.801	 0.01596	0.0105036
0.802	 0.01400	0.0104809
0.803	 0.01403	0.0104583
0.804	 0.01315	0.0104358
0.805	 0.00734	0.0104134
0.806	 0.00955	0.0103911
0.807	 0.00824	0.0103688
0.808	 0.01217	0.0103466
0.809	 0.00807	0.0103245
0.810	 0.00824	0.0103024
0.811	 0.00869	0.0102804
0.812	 0.01246	0.0102585
0.813	 0.01159	0.0102366
0.814	 0.01424	0.0102149
0.815	 0.01351	0.0101932
0.816	 0.01438	0.0101716
0.817	 0.01100	0.0101500
0.818	 0.00828	0.0101285
0.819	 0.01135	0.0101071
0.820	 0.01843	0.0100857
0.821	 0.01321	0.0100645
0.822	 0.00829	0.0100433
0.823	 0.01068	0.0100221
0.824	 0.00992	0.0100011
0.825	 0.01502	0.0099801
0.826	 0.01223	0.0099591
0.827	 0.01614	0.0099383
0.828	 0.01640	0.0099175
0.829	 0.01708	0.0098968
0.830	 0.01324	0.0098761
0.831	 0.01048	0.0098555
0.832	 0.01413	0.0098350
0.833	 0.00965	0.0098146
0.834	 0.01257	0.0097942
0.835	 0.01223	0.0097739
0.836	 0.00557	0.0097536
0.837	 0.01092	0.0097334
0.838	 0.00771	0.0097133
0.839	 0.00428	0.0096933
0.840	 0.00396	0.0096733
0.841	 0.00219	0.0096534
0.842	 0.00366	0.0096335
0.843	 0.01068	0.0096137
0.844	 0.00493	0.0095940
0.845	 0.00503	0.0095743
0.846	 0.00429	0.0095547
0.847	 0.00991	0.0095352
0.848	 0.00441	0.0095157
0.849	 0.00500	0.0094963
0.850	 0.00657	0.0094770
0.851	 0.00947	0.0094577
0.852	 0.01126	0.0094385
0.853	 0.01020	0.0094194
0.854	 0.01020	0.0094003
0.855	 0.00563	0.0093813
0.856	 0.01186	0.0093623
0.857	 0.00515	0.0093434
0.858	 0.00799	0.0093246
0.859	 0.00876	0.0093058
0.860	 0.00598	0.0092871
0.861	 0.00973	0.0092684
0.862	 0.00679	0.0092498
0.863	 0.00209	0.0092313
0.864	 0.01642	0.0092128
0.865	 0.01242	0.0091944
0.866	 0.01088	0.0091761
0.867	 0.01136	0.0091578
0.868	 0.00690	0.0091396
0.869	 0.00489	0.0091214
0.870	 0.00580	0.0091033
0.871	 0.00585	0.0090853
0.872	 0.00407	0.0090673
0.873	 0.00200	0.0090494
0.874	 0.00807	0.0090315
0.875	 0.00859	0.0090137
0.876	 0.01173	0.0089959
0.877	 0.01060	0.0089782
0.878	 0.01097	0.0089606
0.879	 0.00999	0.0089430
0.880	 0.00260	0.0089255
0.881	 0.00894	0.0089080
0.882	 0.00251	0.0088906
0.883	 0.00712	0.0088733
0.884	 0.01127	0.0088560
0.885	 0.00795	0.0088388
0.886	 0.00901	0.0088216
0.887	 0.00787	0.0088045
0.888	 0.00956	0.0087874
0.889	 0.00763	0.0087704
0.890	 0.00586	0.0087534
0.891	 0.00944	0.0087365
0.892	 0.00807	0.0087197
0.893	 0.01016	0.0087029
0.894	 0.01007	0.0086862
0.895	 0.00270	0.0086695
0.896	 0.01477	0.0086529
0.897	 0.00604	0.0086363
0.898	 0.00994	0.0086198
0.899	 0.00603	0.0086034
0.900	 0.00482	0.0085869
0.901	 0.00697	0.0085706
0.902	 0.00722	0.0085543
0.903	 0.00863	0.0085381
0.904	 0.00698	0.0085219
0.905	 0.01407	0.0085057
0.906	 0.00448	0.0084897
0.907	 0.00505	0.0084736
0.908	 0.00426	0.0084576
0.909	 0.01023	0.0084417
0.910	 0.00435	0.0084259
0.911	 0.00752	0.0084100
0.912	 0.00857	0.0083943
0.913	 0.01015	0.0083785
0.914	 0.00907	0.0083629
0.915	 0.01166	0.0083473
0.916	 0.01220	0.0083317
0.917	 0.01416	0.0083162
0.918	 0.01103	0.0083007
0.919	 0.02397	0.0082853
0.920	 0.01710	0.0082700
0.921	 0.01325	0.0082547
0.922	 0.01629	0.0082394
0.923	 0.01978	0.0082242
0.924	 0.02030	0.0082090
0.925	 0.01788	0.0081939
0.926	 0.01446	0.0081789
0.927	 0.01088	0.0081639
0.928	 0.01439	0.0081489
0.929	 0.00493	0.0081340
0.930	 0.00766	0.0081191
0.931	 0.00835	0.0081043
0.932	 0.00705	0.0080896
0.933	 0.01355	0.0080748
0.934	 0.01525	0.0080602
0.935	 0.01087	0.0080456
0.936	 0.00966	0.0080310
0.937	 0.01051	0.0080165
0.938	 0.01129	0.0080020
0.939	 0.01672	0.0079876
0.940	 0.01181	0.0079732
0.941	 0.00706	0.0079589
0.942	 0.00717	0.0079446
0.943	 0.00708	0.0079303
0.944	 0.00611	0.0079161
0.945	 0.00601	0.0079020
0.946	 0.00605	0.0078879
0.947	 0.00690	0.0078738
0.948	 0.00824	0.0078598
0.949	 0.00938	0.0078459
0.950	 0.01146	0.0078320
0.951	 0.01116	0.0078181
0.952	 0.01153	0.0078043
0.953	 0.01001	0.0077905
0.954	 0.01257	0.0077768
0.955	 0.00618	0.0077631
0.956	 0.00804	0.0077494
0.957	 0.00755	0.0077358
0.958	 0.00672	0.0077223
0.959	 0.00438	0.0077088
0.960	 0.00481	0.0076953
0.961	 0.00508	0.0076819
0.962	 0.00920	0.0076685
0.963	 0.00467	0.0076552
0.964	 0.01287	0.0076419
0.965	 0.00723	0.0076287
0.966	 0.00451	0.0076155
0.967	 0.00566	0.0076023
0.968	 0.00903	0.0075892
0.969	 0.00388	0.0075761
0.970	 0.00320	0.0075631
0.971	 0.00297	0.0075501
0.972	 0.00198	0.0075372
0.973	-0.00099	0.0075243
0.974	 0.00183	0.0075114
0.975	-0.00021	0.0074986
0.976	 0.00183	0.0074858
0.977	 0.00388	0.0074731
0.978	 0.00311	0.0074604
0.979	 0.00283	0.0074478
0.980	 0.00008	0.0074351
0.981	 0.00891	0.0074226
0.982	 0.00078	0.0074101
0.983	 0.00146	0.0073976
0.984	 0.00769	0.0073851
0.985	 0.00931	0.0073727
0.986	 0.00602	0.0073604
0.987	 0.00578	0.0073481
0.988	 0.00368	0.0073358
0.989	 0.00219	0.0073235
0.990	 0.00404	0.0073113
0.991	 0.00585	0.0072992
0.992	 0.00818	0.0072871
0.993	 0.00854	0.0072750
0.994	 0.01083	0.0072630
0.995	 0.01188	0.0072510
0.996	 0.01284	0.0072390
0.997	 0.01362	0.0072271
0.998	 0.01837	0.0072152
0.999	 0.01295	0.0072034
1.000	 0.01595	0.0071916
