## Jackknife output: chrom 8
## Bin(cM)	Covariance
   0.0010	  0.06392
   0.0020	  0.11588
   0.0030	  0.12503
   0.0040	  0.12605
   0.0050	  0.12469
   0.0060	  0.11517
   0.0070	  0.11545
   0.0080	  0.11435
   0.0090	  0.12053
   0.0100	  0.12008
   0.0110	  0.11194
   0.0120	  0.09960
   0.0130	  0.10976
   0.0140	  0.10158
   0.0150	  0.09401
   0.0160	  0.09479
   0.0170	  0.09183
   0.0180	  0.09042
   0.0190	  0.09000
   0.0200	  0.08938
   0.0210	  0.08845
   0.0220	  0.09374
   0.0230	  0.08642
   0.0240	  0.09836
   0.0250	  0.09426
   0.0260	  0.10860
   0.0270	  0.10195
   0.0280	  0.09170
   0.0290	  0.09304
   0.0300	  0.08919
   0.0310	  0.09164
   0.0320	  0.09370
   0.0330	  0.09521
   0.0340	  0.08947
   0.0350	  0.08574
   0.0360	  0.09037
   0.0370	  0.08675
   0.0380	  0.09005
   0.0390	  0.08677
   0.0400	  0.09113
   0.0410	  0.09919
   0.0420	  0.09140
   0.0430	  0.08769
   0.0440	  0.08835
   0.0450	  0.09193
   0.0460	  0.09991
   0.0470	  0.09299
   0.0480	  0.08605
   0.0490	  0.10146
   0.0500	  0.09392
   0.0510	  0.08288
   0.0520	  0.08626
   0.0530	  0.08057
   0.0540	  0.07981
   0.0550	  0.07939
   0.0560	  0.07480
   0.0570	  0.08104
   0.0580	  0.08459
   0.0590	  0.08716
   0.0600	  0.08599
   0.0610	  0.08528
   0.0620	  0.08112
   0.0630	  0.08633
   0.0640	  0.07799
   0.0650	  0.08033
   0.0660	  0.06450
   0.0670	  0.06366
   0.0680	  0.06097
   0.0690	  0.07369
   0.0700	  0.08151
   0.0710	  0.08168
   0.0720	  0.08406
   0.0730	  0.08009
   0.0740	  0.07435
   0.0750	  0.07846
   0.0760	  0.07741
   0.0770	  0.07092
   0.0780	  0.08438
   0.0790	  0.09471
   0.0800	  0.08965
   0.0810	  0.09065
   0.0820	  0.07810
   0.0830	  0.08167
   0.0840	  0.08350
   0.0850	  0.08698
   0.0860	  0.07500
   0.0870	  0.07016
   0.0880	  0.07122
   0.0890	  0.06322
   0.0900	  0.07430
   0.0910	  0.08057
   0.0920	  0.07332
   0.0930	  0.06287
   0.0940	  0.07213
   0.0950	  0.08131
   0.0960	  0.08115
   0.0970	  0.06994
   0.0980	  0.06282
   0.0990	  0.06068
   0.1000	  0.06829
   0.1010	  0.07051
   0.1020	  0.06355
   0.1030	  0.06614
   0.1040	  0.07919
   0.1050	  0.06732
   0.1060	  0.07089
   0.1070	  0.07406
   0.1080	  0.06595
   0.1090	  0.06707
   0.1100	  0.06763
   0.1110	  0.06694
   0.1120	  0.06585
   0.1130	  0.06473
   0.1140	  0.06442
   0.1150	  0.05782
   0.1160	  0.06500
   0.1170	  0.06259
   0.1180	  0.07206
   0.1190	  0.07336
   0.1200	  0.07788
   0.1210	  0.07815
   0.1220	  0.07654
   0.1230	  0.08487
   0.1240	  0.08176
   0.1250	  0.07298
   0.1260	  0.07703
   0.1270	  0.07785
   0.1280	  0.08245
   0.1290	  0.08406
   0.1300	  0.09411
   0.1310	  0.08749
   0.1320	  0.09399
   0.1330	  0.09554
   0.1340	  0.09542
   0.1350	  0.07628
   0.1360	  0.07249
   0.1370	  0.06030
   0.1380	  0.06242
   0.1390	  0.06907
   0.1400	  0.06774
   0.1410	  0.06615
   0.1420	  0.06798
   0.1430	  0.06007
   0.1440	  0.06222
   0.1450	  0.06827
   0.1460	  0.06025
   0.1470	  0.06229
   0.1480	  0.05293
   0.1490	  0.06729
   0.1500	  0.05938
   0.1510	  0.06213
   0.1520	  0.06404
   0.1530	  0.05929
   0.1540	  0.06140
   0.1550	  0.05524
   0.1560	  0.05303
   0.1570	  0.05540
   0.1580	  0.04588
   0.1590	  0.04860
   0.1600	  0.04796
   0.1610	  0.05300
   0.1620	  0.05279
   0.1630	  0.05338
   0.1640	  0.05506
   0.1650	  0.06013
   0.1660	  0.05745
   0.1670	  0.07099
   0.1680	  0.06755
   0.1690	  0.06304
   0.1700	  0.06123
   0.1710	  0.05565
   0.1720	  0.05963
   0.1730	  0.05778
   0.1740	  0.05753
   0.1750	  0.05224
   0.1760	  0.05751
   0.1770	  0.05232
   0.1780	  0.05685
   0.1790	  0.05455
   0.1800	  0.06341
   0.1810	  0.06472
   0.1820	  0.05211
   0.1830	  0.05430
   0.1840	  0.04777
   0.1850	  0.05496
   0.1860	  0.05769
   0.1870	  0.05400
   0.1880	  0.05211
   0.1890	  0.05749
   0.1900	  0.06284
   0.1910	  0.05350
   0.1920	  0.04833
   0.1930	  0.05323
   0.1940	  0.05041
   0.1950	  0.04658
   0.1960	  0.04388
   0.1970	  0.04131
   0.1980	  0.05005
   0.1990	  0.05201
   0.2000	  0.04439
   0.2010	  0.03632
   0.2020	  0.04713
   0.2030	  0.04885
   0.2040	  0.04761
   0.2050	  0.04989
   0.2060	  0.05638
   0.2070	  0.06147
   0.2080	  0.06562
   0.2090	  0.06058
   0.2100	  0.06498
   0.2110	  0.07671
   0.2120	  0.07763
   0.2130	  0.06180
   0.2140	  0.06035
   0.2150	  0.05497
   0.2160	  0.05066
   0.2170	  0.04446
   0.2180	  0.04415
   0.2190	  0.04852
   0.2200	  0.05412
   0.2210	  0.04408
   0.2220	  0.04599
   0.2230	  0.04736
   0.2240	  0.04499
   0.2250	  0.05190
   0.2260	  0.04896
   0.2270	  0.04489
   0.2280	  0.04669
   0.2290	  0.03928
   0.2300	  0.03653
   0.2310	  0.04091
   0.2320	  0.03921
   0.2330	  0.04047
   0.2340	  0.05030
   0.2350	  0.04642
   0.2360	  0.04493
   0.2370	  0.05026
   0.2380	  0.05803
   0.2390	  0.05721
   0.2400	  0.06291
   0.2410	  0.06121
   0.2420	  0.07753
   0.2430	  0.05856
   0.2440	  0.05334
   0.2450	  0.04865
   0.2460	  0.05058
   0.2470	  0.06070
   0.2480	  0.05392
   0.2490	  0.05764
   0.2500	  0.05026
   0.2510	  0.05408
   0.2520	  0.05673
   0.2530	  0.05212
   0.2540	  0.05109
   0.2550	  0.04040
   0.2560	  0.03645
   0.2570	  0.04129
   0.2580	  0.04031
   0.2590	  0.04117
   0.2600	  0.03748
   0.2610	  0.04117
   0.2620	  0.03435
   0.2630	  0.03250
   0.2640	  0.03101
   0.2650	  0.03424
   0.2660	  0.02888
   0.2670	  0.02974
   0.2680	  0.03418
   0.2690	  0.03224
   0.2700	  0.03744
   0.2710	  0.03450
   0.2720	  0.03673
   0.2730	  0.02748
   0.2740	  0.03648
   0.2750	  0.04048
   0.2760	  0.04642
   0.2770	  0.03918
   0.2780	  0.04751
   0.2790	  0.04753
   0.2800	  0.05196
   0.2810	  0.04462
   0.2820	  0.04576
   0.2830	  0.04599
   0.2840	  0.05762
   0.2850	  0.05803
   0.2860	  0.04881
   0.2870	  0.04093
   0.2880	  0.04488
   0.2890	  0.04825
   0.2900	  0.04611
   0.2910	  0.03701
   0.2920	  0.04021
   0.2930	  0.03464
   0.2940	  0.02960
   0.2950	  0.03431
   0.2960	  0.02985
   0.2970	  0.03306
   0.2980	  0.04031
   0.2990	  0.03548
   0.3000	  0.03001
   0.3010	  0.03912
   0.3020	  0.03597
   0.3030	  0.03606
   0.3040	  0.03074
   0.3050	  0.03271
   0.3060	  0.03885
   0.3070	  0.03594
   0.3080	  0.03125
   0.3090	  0.02965
   0.3100	  0.04200
   0.3110	  0.04295
   0.3120	  0.03448
   0.3130	  0.03773
   0.3140	  0.03336
   0.3150	  0.03590
   0.3160	  0.04024
   0.3170	  0.04046
   0.3180	  0.04708
   0.3190	  0.05145
   0.3200	  0.05308
   0.3210	  0.06179
   0.3220	  0.07092
   0.3230	  0.06058
   0.3240	  0.05284
   0.3250	  0.05810
   0.3260	  0.05745
   0.3270	  0.04758
   0.3280	  0.04427
   0.3290	  0.04746
   0.3300	  0.04460
   0.3310	  0.03558
   0.3320	  0.04920
   0.3330	  0.04108
   0.3340	  0.03367
   0.3350	  0.03143
   0.3360	  0.02922
   0.3370	  0.03247
   0.3380	  0.03013
   0.3390	  0.02682
   0.3400	  0.03258
   0.3410	  0.03017
   0.3420	  0.02801
   0.3430	  0.02222
   0.3440	  0.02692
   0.3450	  0.02801
   0.3460	  0.03436
   0.3470	  0.02392
   0.3480	  0.02252
   0.3490	  0.02805
   0.3500	  0.02897
   0.3510	  0.02493
   0.3520	  0.03000
   0.3530	  0.03055
   0.3540	  0.03486
   0.3550	  0.03273
   0.3560	  0.03021
   0.3570	  0.03005
   0.3580	  0.02670
   0.3590	  0.02667
   0.3600	  0.02465
   0.3610	  0.02569
   0.3620	  0.02989
   0.3630	  0.03177
   0.3640	  0.03004
   0.3650	  0.03088
   0.3660	  0.02578
   0.3670	  0.02450
   0.3680	  0.02406
   0.3690	  0.02846
   0.3700	  0.03141
   0.3710	  0.03621
   0.3720	  0.02780
   0.3730	  0.03207
   0.3740	  0.03000
   0.3750	  0.03065
   0.3760	  0.03534
   0.3770	  0.03366
   0.3780	  0.03975
   0.3790	  0.04007
   0.3800	  0.03195
   0.3810	  0.03580
   0.3820	  0.03248
   0.3830	  0.03244
   0.3840	  0.03942
   0.3850	  0.03445
   0.3860	  0.03420
   0.3870	  0.03464
   0.3880	  0.03551
   0.3890	  0.03301
   0.3900	  0.02908
   0.3910	  0.03480
   0.3920	  0.03721
   0.3930	  0.02679
   0.3940	  0.02502
   0.3950	  0.03152
   0.3960	  0.03337
   0.3970	  0.03659
   0.3980	  0.03555
   0.3990	  0.04823
   0.4000	  0.03769
   0.4010	  0.04572
   0.4020	  0.03927
   0.4030	  0.03600
   0.4040	  0.03383
   0.4050	  0.03110
   0.4060	  0.02801
   0.4070	  0.02587
   0.4080	  0.03470
   0.4090	  0.03249
   0.4100	  0.03048
   0.4110	  0.02631
   0.4120	  0.02918
   0.4130	  0.02195
   0.4140	  0.02209
   0.4150	  0.02722
   0.4160	  0.02803
   0.4170	  0.01893
   0.4180	  0.01950
   0.4190	  0.01804
   0.4200	  0.01977
   0.4210	  0.02399
   0.4220	  0.02273
   0.4230	  0.02348
   0.4240	  0.03551
   0.4250	  0.02865
   0.4260	  0.02387
   0.4270	  0.03052
   0.4280	  0.02961
   0.4290	  0.03130
   0.4300	  0.03160
   0.4310	  0.03654
   0.4320	  0.03882
   0.4330	  0.04027
   0.4340	  0.03747
   0.4350	  0.04381
   0.4360	  0.03540
   0.4370	  0.03301
   0.4380	  0.02988
   0.4390	  0.02872
   0.4400	  0.02693
   0.4410	  0.02858
   0.4420	  0.02599
   0.4430	  0.02446
   0.4440	  0.02554
   0.4450	  0.02546
   0.4460	  0.03057
   0.4470	  0.03114
   0.4480	  0.03190
   0.4490	  0.02755
   0.4500	  0.03228
   0.4510	  0.03251
   0.4520	  0.03134
   0.4530	  0.02896
   0.4540	  0.02441
   0.4550	  0.02558
   0.4560	  0.03483
   0.4570	  0.03609
   0.4580	  0.02276
   0.4590	  0.02621
   0.4600	  0.02974
   0.4610	  0.03375
   0.4620	  0.02528
   0.4630	  0.02242
   0.4640	  0.02375
   0.4650	  0.02573
   0.4660	  0.02684
   0.4670	  0.02562
   0.4680	  0.02657
   0.4690	  0.02642
   0.4700	  0.03119
   0.4710	  0.03048
   0.4720	  0.03435
   0.4730	  0.02950
   0.4740	  0.03337
   0.4750	  0.02549
   0.4760	  0.02111
   0.4770	  0.02099
   0.4780	  0.02352
   0.4790	  0.02007
   0.4800	  0.02394
   0.4810	  0.02330
   0.4820	  0.02381
   0.4830	  0.02580
   0.4840	  0.02376
   0.4850	  0.02678
   0.4860	  0.02707
   0.4870	  0.02472
   0.4880	  0.02234
   0.4890	  0.02498
   0.4900	  0.01900
   0.4910	  0.02810
   0.4920	  0.02458
   0.4930	  0.01954
   0.4940	  0.02066
   0.4950	  0.01868
   0.4960	  0.01443
   0.4970	  0.01703
   0.4980	  0.01568
   0.4990	  0.01163
   0.5000	  0.01645
   0.5010	  0.01942
   0.5020	  0.02096
   0.5030	  0.02076
   0.5040	  0.02216
   0.5050	  0.02340
   0.5060	  0.02496
   0.5070	  0.02964
   0.5080	  0.02353
   0.5090	  0.01910
   0.5100	  0.01843
   0.5110	  0.02227
   0.5120	  0.02086
   0.5130	  0.02014
   0.5140	  0.02339
   0.5150	  0.02947
   0.5160	  0.02801
   0.5170	  0.01643
   0.5180	  0.02385
   0.5190	  0.02388
   0.5200	  0.02196
   0.5210	  0.02584
   0.5220	  0.02180
   0.5230	  0.02071
   0.5240	  0.02188
   0.5250	  0.01818
   0.5260	  0.01681
   0.5270	  0.01510
   0.5280	  0.01380
   0.5290	  0.01798
   0.5300	  0.01905
   0.5310	  0.03159
   0.5320	  0.03571
   0.5330	  0.02567
   0.5340	  0.02777
   0.5350	  0.02512
   0.5360	  0.02176
   0.5370	  0.01852
   0.5380	  0.01807
   0.5390	  0.01552
   0.5400	  0.02076
   0.5410	  0.01985
   0.5420	  0.01956
   0.5430	  0.01585
   0.5440	  0.01826
   0.5450	  0.01652
   0.5460	  0.01280
   0.5470	  0.01556
   0.5480	  0.01169
   0.5490	  0.00665
   0.5500	  0.00891
   0.5510	  0.00834
   0.5520	  0.00778
   0.5530	  0.01331
   0.5540	  0.01070
   0.5550	  0.01719
   0.5560	  0.01564
   0.5570	  0.01554
   0.5580	  0.01252
   0.5590	  0.01086
   0.5600	  0.01524
   0.5610	  0.01042
   0.5620	  0.00932
   0.5630	  0.00923
   0.5640	  0.00985
   0.5650	  0.01035
   0.5660	  0.01347
   0.5670	  0.01821
   0.5680	  0.01458
   0.5690	  0.01722
   0.5700	  0.02087
   0.5710	  0.01723
   0.5720	  0.01828
   0.5730	  0.01978
   0.5740	  0.01999
   0.5750	  0.01627
   0.5760	  0.01835
   0.5770	  0.01817
   0.5780	  0.01154
   0.5790	  0.01581
   0.5800	  0.01550
   0.5810	  0.00832
   0.5820	  0.00656
   0.5830	  0.00824
   0.5840	  0.00762
   0.5850	  0.00807
   0.5860	  0.01060
   0.5870	  0.01194
   0.5880	  0.01335
   0.5890	  0.01003
   0.5900	  0.01770
   0.5910	  0.01630
   0.5920	  0.01148
   0.5930	  0.01964
   0.5940	  0.01720
   0.5950	  0.01017
   0.5960	  0.00979
   0.5970	  0.00926
   0.5980	  0.00900
   0.5990	  0.00346
   0.6000	  0.00496
   0.6010	  0.00338
   0.6020	  0.00581
   0.6030	  0.00800
   0.6040	  0.00592
   0.6050	  0.00787
   0.6060	  0.00533
   0.6070	  0.00931
   0.6080	  0.01352
   0.6090	  0.01273
   0.6100	  0.01459
   0.6110	  0.01944
   0.6120	  0.01486
   0.6130	  0.01288
   0.6140	  0.01702
   0.6150	  0.01832
   0.6160	  0.02111
   0.6170	  0.01773
   0.6180	  0.01507
   0.6190	  0.01495
   0.6200	  0.01347
   0.6210	  0.01104
   0.6220	  0.00934
   0.6230	  0.00998
   0.6240	  0.01211
   0.6250	  0.01118
   0.6260	  0.00984
   0.6270	  0.01295
   0.6280	  0.01049
   0.6290	  0.00873
   0.6300	  0.00946
   0.6310	  0.00936
   0.6320	  0.00750
   0.6330	  0.00547
   0.6340	  0.00939
   0.6350	  0.01363
   0.6360	  0.01134
   0.6370	  0.00553
   0.6380	  0.01316
   0.6390	  0.01680
   0.6400	  0.01938
   0.6410	  0.01664
   0.6420	  0.01894
   0.6430	  0.01451
   0.6440	  0.01089
   0.6450	  0.01364
   0.6460	  0.01472
   0.6470	  0.01318
   0.6480	  0.01659
   0.6490	  0.01110
   0.6500	  0.01666
   0.6510	  0.02298
   0.6520	  0.02189
   0.6530	  0.01695
   0.6540	  0.01643
   0.6550	  0.01769
   0.6560	  0.01388
   0.6570	  0.01198
   0.6580	  0.00736
   0.6590	  0.01097
   0.6600	  0.01229
   0.6610	  0.01257
   0.6620	  0.01116
   0.6630	  0.00860
   0.6640	  0.00345
   0.6650	  0.00547
   0.6660	  0.00613
   0.6670	  0.00967
   0.6680	  0.00882
   0.6690	  0.01474
   0.6700	  0.01680
   0.6710	  0.01946
   0.6720	  0.01896
   0.6730	  0.01353
   0.6740	  0.01488
   0.6750	  0.00946
   0.6760	  0.01272
   0.6770	  0.00935
   0.6780	  0.01411
   0.6790	  0.01520
   0.6800	  0.01025
   0.6810	  0.00930
   0.6820	  0.00550
   0.6830	  0.00950
   0.6840	  0.00846
   0.6850	  0.01592
   0.6860	  0.01293
   0.6870	  0.01439
   0.6880	  0.01300
   0.6890	  0.01072
   0.6900	  0.01071
   0.6910	  0.01108
   0.6920	  0.01541
   0.6930	  0.01050
   0.6940	  0.01262
   0.6950	  0.01672
   0.6960	  0.00930
   0.6970	  0.01179
   0.6980	  0.01561
   0.6990	  0.01550
   0.7000	  0.01300
   0.7010	  0.01004
   0.7020	  0.00868
   0.7030	  0.00657
   0.7040	  0.00865
   0.7050	  0.00596
   0.7060	  0.00712
   0.7070	  0.00822
   0.7080	  0.01227
   0.7090	  0.01143
   0.7100	  0.00775
   0.7110	  0.00713
   0.7120	  0.01433
   0.7130	  0.01260
   0.7140	  0.01870
   0.7150	  0.01543
   0.7160	  0.01539
   0.7170	  0.02234
   0.7180	  0.02815
   0.7190	  0.02067
   0.7200	  0.01954
   0.7210	  0.01373
   0.7220	  0.01247
   0.7230	  0.01648
   0.7240	  0.01777
   0.7250	  0.01866
   0.7260	  0.01780
   0.7270	  0.01817
   0.7280	  0.01466
   0.7290	  0.01334
   0.7300	  0.01251
   0.7310	  0.01141
   0.7320	  0.01166
   0.7330	  0.01010
   0.7340	  0.00628
   0.7350	  0.00789
   0.7360	  0.00785
   0.7370	  0.00574
   0.7380	  0.00422
   0.7390	  0.00774
   0.7400	  0.00909
   0.7410	  0.00763
   0.7420	  0.00950
   0.7430	  0.00906
   0.7440	  0.00577
   0.7450	  0.00615
   0.7460	  0.00848
   0.7470	  0.00566
   0.7480	  0.01070
   0.7490	  0.01027
   0.7500	  0.01350
   0.7510	  0.01086
   0.7520	  0.01710
   0.7530	  0.01461
   0.7540	  0.01440
   0.7550	  0.01169
   0.7560	  0.00944
   0.7570	  0.01072
   0.7580	  0.01106
   0.7590	  0.01169
   0.7600	  0.00671
   0.7610	  0.00824
   0.7620	  0.01171
   0.7630	  0.00841
   0.7640	  0.00956
   0.7650	  0.00898
   0.7660	  0.00628
   0.7670	  0.00751
   0.7680	  0.00602
   0.7690	  0.00710
   0.7700	  0.00804
   0.7710	  0.00896
   0.7720	  0.00996
   0.7730	  0.00820
   0.7740	  0.00917
   0.7750	  0.00708
   0.7760	  0.01488
   0.7770	  0.01165
   0.7780	  0.01034
   0.7790	  0.01265
   0.7800	  0.01342
   0.7810	  0.01689
   0.7820	  0.01653
   0.7830	  0.02326
   0.7840	  0.02181
   0.7850	  0.01837
   0.7860	  0.01346
   0.7870	  0.01558
   0.7880	  0.01278
   0.7890	  0.02012
   0.7900	  0.02158
   0.7910	  0.02280
   0.7920	  0.01493
   0.7930	  0.02357
   0.7940	  0.02385
   0.7950	  0.02602
   0.7960	  0.02068
   0.7970	  0.02507
   0.7980	  0.01550
   0.7990	  0.01889
   0.8000	  0.01763
   0.8010	  0.01399
   0.8020	  0.01229
   0.8030	  0.01388
   0.8040	  0.01322
   0.8050	  0.00704
   0.8060	  0.00984
   0.8070	  0.00827
   0.8080	  0.01233
   0.8090	  0.00756
   0.8100	  0.00751
   0.8110	  0.00811
   0.8120	  0.00978
   0.8130	  0.00997
   0.8140	  0.01277
   0.8150	  0.01110
   0.8160	  0.01354
   0.8170	  0.01070
   0.8180	  0.00781
   0.8190	  0.01147
   0.8200	  0.01874
   0.8210	  0.01356
   0.8220	  0.00860
   0.8230	  0.01078
   0.8240	  0.00996
   0.8250	  0.01524
   0.8260	  0.01245
   0.8270	  0.01650
   0.8280	  0.01695
   0.8290	  0.01758
   0.8300	  0.01350
   0.8310	  0.01079
   0.8320	  0.01463
   0.8330	  0.01017
   0.8340	  0.01322
   0.8350	  0.01325
   0.8360	  0.00598
   0.8370	  0.01157
   0.8380	  0.00831
   0.8390	  0.00465
   0.8400	  0.00429
   0.8410	  0.00243
   0.8420	  0.00387
   0.8430	  0.01100
   0.8440	  0.00503
   0.8450	  0.00541
   0.8460	  0.00468
   0.8470	  0.01029
   0.8480	  0.00474
   0.8490	  0.00548
   0.8500	  0.00688
   0.8510	  0.01000
   0.8520	  0.01176
   0.8530	  0.01049
   0.8540	  0.01059
   0.8550	  0.00563
   0.8560	  0.01202
   0.8570	  0.00520
   0.8580	  0.00828
   0.8590	  0.00911
   0.8600	  0.00630
   0.8610	  0.01017
   0.8620	  0.00693
   0.8630	  0.00212
   0.8640	  0.01722
   0.8650	  0.01325
   0.8660	  0.01194
   0.8670	  0.01274
   0.8680	  0.00832
   0.8690	  0.00607
   0.8700	  0.00741
   0.8710	  0.00714
   0.8720	  0.00506
   0.8730	  0.00278
   0.8740	  0.00908
   0.8750	  0.00934
   0.8760	  0.01238
   0.8770	  0.01118
   0.8780	  0.01152
   0.8790	  0.01026
   0.8800	  0.00251
   0.8810	  0.00899
   0.8820	  0.00224
   0.8830	  0.00649
   0.8840	  0.01138
   0.8850	  0.00665
   0.8860	  0.00673
   0.8870	  0.00605
   0.8880	  0.00669
   0.8890	  0.00607
   0.8900	  0.00526
   0.8910	  0.00911
   0.8920	  0.00812
   0.8930	  0.01050
   0.8940	  0.01045
   0.8950	  0.00263
   0.8960	  0.01490
   0.8970	  0.00598
   0.8980	  0.00951
   0.8990	  0.00539
   0.9000	  0.00398
   0.9010	  0.00686
   0.9020	  0.00742
   0.9030	  0.00898
   0.9040	  0.00725
   0.9050	  0.01279
   0.9060	  0.00295
   0.9070	  0.00335
   0.9080	  0.00256
   0.9090	  0.01002
   0.9100	  0.00432
   0.9110	  0.00749
   0.9120	  0.00823
   0.9130	  0.01019
   0.9140	  0.00783
   0.9150	  0.01122
   0.9160	  0.01221
   0.9170	  0.01258
   0.9180	  0.00973
   0.9190	  0.01993
   0.9200	  0.01277
   0.9210	  0.01183
   0.9220	  0.01477
   0.9230	  0.01972
   0.9240	  0.02077
   0.9250	  0.01840
   0.9260	  0.01490
   0.9270	  0.01142
   0.9280	  0.01491
   0.9290	  0.00534
   0.9300	  0.00770
   0.9310	  0.00825
   0.9320	  0.00691
   0.9330	  0.01386
   0.9340	  0.01551
   0.9350	  0.01120
   0.9360	  0.01003
   0.9370	  0.00962
   0.9380	  0.01090
   0.9390	  0.01049
   0.9400	  0.01001
   0.9410	  0.00697
   0.9420	  0.00739
   0.9430	  0.00716
   0.9440	  0.00632
   0.9450	  0.00542
   0.9460	  0.00604
   0.9470	  0.00709
   0.9480	  0.00852
   0.9490	  0.00964
   0.9500	  0.01173
   0.9510	  0.01142
   0.9520	  0.01190
   0.9530	  0.01026
   0.9540	  0.01328
   0.9550	  0.00655
   0.9560	  0.00827
   0.9570	  0.00789
   0.9580	  0.00686
   0.9590	  0.00467
   0.9600	  0.00520
   0.9610	  0.00545
   0.9620	  0.00961
   0.9630	  0.00484
   0.9640	  0.01333
   0.9650	  0.00739
   0.9660	  0.00459
   0.9670	  0.00579
   0.9680	  0.00924
   0.9690	  0.00386
   0.9700	  0.00322
   0.9710	  0.00276
   0.9720	  0.00201
   0.9730	 -0.00151
   0.9740	  0.00190
   0.9750	 -0.00033
   0.9760	  0.00188
   0.9770	  0.00413
   0.9780	  0.00320
   0.9790	  0.00294
   0.9800	 -0.00045
   0.9810	  0.00892
   0.9820	  0.00074
   0.9830	  0.00166
   0.9840	  0.00774
   0.9850	  0.01025
   0.9860	  0.00641
   0.9870	  0.00609
   0.9880	  0.00362
   0.9890	  0.00153
   0.9900	  0.00407
   0.9910	  0.00565
   0.9920	  0.00842
   0.9930	  0.00903
   0.9940	  0.01107
   0.9950	  0.01216
   0.9960	  0.01299
   0.9970	  0.01358
   0.9980	  0.01946
   0.9990	  0.01306
   1.0000	  0.01621
