## Jackknife output: chrom 3
## Bin(cM)	Covariance
   0.0010	  0.06182
   0.0020	  0.11434
   0.0030	  0.12338
   0.0040	  0.12394
   0.0050	  0.12206
   0.0060	  0.11441
   0.0070	  0.11486
   0.0080	  0.11512
   0.0090	  0.12025
   0.0100	  0.11970
   0.0110	  0.11075
   0.0120	  0.09778
   0.0130	  0.10969
   0.0140	  0.09988
   0.0150	  0.09399
   0.0160	  0.09256
   0.0170	  0.09152
   0.0180	  0.08941
   0.0190	  0.08960
   0.0200	  0.09135
   0.0210	  0.09017
   0.0220	  0.09612
   0.0230	  0.09005
   0.0240	  0.10008
   0.0250	  0.09610
   0.0260	  0.11172
   0.0270	  0.10319
   0.0280	  0.09271
   0.0290	  0.09217
   0.0300	  0.08805
   0.0310	  0.09060
   0.0320	  0.09263
   0.0330	  0.09363
   0.0340	  0.09153
   0.0350	  0.08581
   0.0360	  0.08967
   0.0370	  0.08633
   0.0380	  0.08868
   0.0390	  0.08504
   0.0400	  0.08872
   0.0410	  0.09588
   0.0420	  0.09005
   0.0430	  0.08664
   0.0440	  0.08738
   0.0450	  0.09370
   0.0460	  0.09987
   0.0470	  0.09245
   0.0480	  0.08597
   0.0490	  0.10196
   0.0500	  0.09571
   0.0510	  0.08281
   0.0520	  0.08637
   0.0530	  0.08083
   0.0540	  0.08265
   0.0550	  0.08017
   0.0560	  0.07683
   0.0570	  0.08133
   0.0580	  0.08663
   0.0590	  0.08804
   0.0600	  0.08853
   0.0610	  0.08477
   0.0620	  0.07984
   0.0630	  0.08337
   0.0640	  0.07704
   0.0650	  0.07976
   0.0660	  0.06331
   0.0670	  0.06240
   0.0680	  0.06074
   0.0690	  0.07240
   0.0700	  0.08160
   0.0710	  0.08200
   0.0720	  0.08250
   0.0730	  0.07763
   0.0740	  0.07295
   0.0750	  0.07589
   0.0760	  0.07632
   0.0770	  0.06993
   0.0780	  0.08393
   0.0790	  0.09551
   0.0800	  0.09138
   0.0810	  0.09206
   0.0820	  0.07986
   0.0830	  0.08393
   0.0840	  0.08365
   0.0850	  0.08741
   0.0860	  0.07623
   0.0870	  0.07261
   0.0880	  0.07277
   0.0890	  0.06485
   0.0900	  0.07584
   0.0910	  0.08313
   0.0920	  0.07388
   0.0930	  0.06359
   0.0940	  0.07127
   0.0950	  0.08102
   0.0960	  0.08346
   0.0970	  0.07125
   0.0980	  0.06527
   0.0990	  0.06044
   0.1000	  0.06976
   0.1010	  0.07000
   0.1020	  0.06162
   0.1030	  0.06741
   0.1040	  0.08162
   0.1050	  0.06893
   0.1060	  0.06782
   0.1070	  0.07155
   0.1080	  0.06682
   0.1090	  0.06721
   0.1100	  0.06754
   0.1110	  0.06701
   0.1120	  0.06343
   0.1130	  0.06357
   0.1140	  0.06561
   0.1150	  0.05863
   0.1160	  0.06591
   0.1170	  0.06363
   0.1180	  0.07432
   0.1190	  0.07562
   0.1200	  0.08056
   0.1210	  0.08142
   0.1220	  0.07722
   0.1230	  0.08627
   0.1240	  0.08155
   0.1250	  0.07382
   0.1260	  0.07736
   0.1270	  0.07855
   0.1280	  0.08302
   0.1290	  0.08244
   0.1300	  0.09409
   0.1310	  0.09122
   0.1320	  0.09841
   0.1330	  0.09985
   0.1340	  0.09991
   0.1350	  0.08045
   0.1360	  0.07747
   0.1370	  0.06391
   0.1380	  0.06545
   0.1390	  0.07024
   0.1400	  0.06967
   0.1410	  0.06979
   0.1420	  0.06923
   0.1430	  0.05979
   0.1440	  0.06418
   0.1450	  0.06935
   0.1460	  0.06224
   0.1470	  0.06460
   0.1480	  0.05512
   0.1490	  0.06937
   0.1500	  0.06252
   0.1510	  0.06336
   0.1520	  0.06441
   0.1530	  0.05852
   0.1540	  0.06332
   0.1550	  0.05717
   0.1560	  0.05341
   0.1570	  0.05368
   0.1580	  0.04725
   0.1590	  0.05135
   0.1600	  0.04860
   0.1610	  0.05373
   0.1620	  0.05430
   0.1630	  0.05713
   0.1640	  0.06046
   0.1650	  0.06425
   0.1660	  0.06169
   0.1670	  0.07372
   0.1680	  0.06769
   0.1690	  0.06163
   0.1700	  0.05976
   0.1710	  0.05564
   0.1720	  0.06192
   0.1730	  0.06153
   0.1740	  0.06010
   0.1750	  0.05530
   0.1760	  0.06019
   0.1770	  0.05489
   0.1780	  0.05873
   0.1790	  0.05764
   0.1800	  0.06693
   0.1810	  0.06599
   0.1820	  0.05394
   0.1830	  0.05618
   0.1840	  0.05069
   0.1850	  0.05909
   0.1860	  0.06253
   0.1870	  0.06033
   0.1880	  0.05684
   0.1890	  0.06260
   0.1900	  0.06676
   0.1910	  0.05608
   0.1920	  0.05351
   0.1930	  0.05748
   0.1940	  0.05464
   0.1950	  0.05092
   0.1960	  0.04802
   0.1970	  0.04366
   0.1980	  0.05395
   0.1990	  0.05711
   0.2000	  0.04780
   0.2010	  0.03981
   0.2020	  0.05229
   0.2030	  0.05341
   0.2040	  0.05317
   0.2050	  0.05389
   0.2060	  0.05985
   0.2070	  0.06462
   0.2080	  0.06942
   0.2090	  0.06192
   0.2100	  0.06741
   0.2110	  0.07941
   0.2120	  0.08010
   0.2130	  0.06291
   0.2140	  0.06347
   0.2150	  0.05644
   0.2160	  0.05376
   0.2170	  0.04682
   0.2180	  0.04542
   0.2190	  0.05290
   0.2200	  0.05680
   0.2210	  0.04559
   0.2220	  0.04674
   0.2230	  0.04885
   0.2240	  0.04689
   0.2250	  0.05276
   0.2260	  0.05085
   0.2270	  0.04663
   0.2280	  0.04806
   0.2290	  0.04102
   0.2300	  0.03687
   0.2310	  0.04164
   0.2320	  0.03934
   0.2330	  0.04124
   0.2340	  0.05038
   0.2350	  0.04795
   0.2360	  0.04751
   0.2370	  0.05130
   0.2380	  0.06061
   0.2390	  0.05921
   0.2400	  0.06469
   0.2410	  0.06252
   0.2420	  0.07822
   0.2430	  0.05950
   0.2440	  0.05282
   0.2450	  0.04919
   0.2460	  0.05064
   0.2470	  0.06109
   0.2480	  0.05553
   0.2490	  0.05854
   0.2500	  0.05129
   0.2510	  0.05512
   0.2520	  0.05753
   0.2530	  0.05287
   0.2540	  0.05125
   0.2550	  0.03981
   0.2560	  0.03577
   0.2570	  0.04203
   0.2580	  0.04232
   0.2590	  0.04231
   0.2600	  0.03940
   0.2610	  0.04250
   0.2620	  0.03714
   0.2630	  0.03459
   0.2640	  0.03154
   0.2650	  0.03566
   0.2660	  0.02951
   0.2670	  0.03090
   0.2680	  0.03360
   0.2690	  0.03312
   0.2700	  0.03699
   0.2710	  0.03489
   0.2720	  0.03667
   0.2730	  0.02705
   0.2740	  0.03614
   0.2750	  0.04102
   0.2760	  0.04680
   0.2770	  0.03966
   0.2780	  0.04827
   0.2790	  0.04844
   0.2800	  0.05191
   0.2810	  0.04364
   0.2820	  0.04608
   0.2830	  0.04627
   0.2840	  0.05634
   0.2850	  0.06031
   0.2860	  0.04916
   0.2870	  0.04106
   0.2880	  0.04519
   0.2890	  0.04869
   0.2900	  0.04596
   0.2910	  0.03779
   0.2920	  0.04081
   0.2930	  0.03563
   0.2940	  0.02916
   0.2950	  0.03457
   0.2960	  0.03048
   0.2970	  0.03243
   0.2980	  0.04043
   0.2990	  0.03519
   0.3000	  0.02988
   0.3010	  0.03825
   0.3020	  0.03477
   0.3030	  0.03581
   0.3040	  0.03024
   0.3050	  0.03405
   0.3060	  0.03923
   0.3070	  0.03593
   0.3080	  0.03153
   0.3090	  0.02950
   0.3100	  0.04305
   0.3110	  0.04299
   0.3120	  0.03457
   0.3130	  0.03704
   0.3140	  0.03171
   0.3150	  0.03717
   0.3160	  0.03991
   0.3170	  0.04110
   0.3180	  0.04815
   0.3190	  0.05329
   0.3200	  0.05523
   0.3210	  0.06560
   0.3220	  0.07532
   0.3230	  0.06491
   0.3240	  0.05592
   0.3250	  0.06288
   0.3260	  0.05989
   0.3270	  0.05096
   0.3280	  0.04583
   0.3290	  0.04753
   0.3300	  0.04547
   0.3310	  0.03579
   0.3320	  0.04791
   0.3330	  0.04159
   0.3340	  0.03228
   0.3350	  0.03260
   0.3360	  0.03189
   0.3370	  0.03409
   0.3380	  0.03092
   0.3390	  0.02947
   0.3400	  0.03536
   0.3410	  0.03234
   0.3420	  0.02942
   0.3430	  0.02453
   0.3440	  0.02933
   0.3450	  0.03221
   0.3460	  0.04139
   0.3470	  0.02907
   0.3480	  0.02572
   0.3490	  0.03478
   0.3500	  0.03301
   0.3510	  0.02931
   0.3520	  0.03466
   0.3530	  0.03290
   0.3540	  0.03750
   0.3550	  0.03460
   0.3560	  0.03249
   0.3570	  0.03217
   0.3580	  0.02812
   0.3590	  0.02896
   0.3600	  0.02595
   0.3610	  0.02707
   0.3620	  0.03054
   0.3630	  0.03364
   0.3640	  0.03120
   0.3650	  0.03635
   0.3660	  0.03178
   0.3670	  0.02795
   0.3680	  0.03015
   0.3690	  0.03396
   0.3700	  0.03544
   0.3710	  0.04381
   0.3720	  0.03147
   0.3730	  0.03602
   0.3740	  0.03384
   0.3750	  0.03376
   0.3760	  0.03832
   0.3770	  0.03539
   0.3780	  0.04124
   0.3790	  0.04142
   0.3800	  0.03360
   0.3810	  0.03776
   0.3820	  0.03585
   0.3830	  0.03668
   0.3840	  0.04329
   0.3850	  0.03807
   0.3860	  0.03784
   0.3870	  0.03766
   0.3880	  0.04046
   0.3890	  0.03551
   0.3900	  0.03056
   0.3910	  0.03761
   0.3920	  0.04003
   0.3930	  0.02877
   0.3940	  0.02648
   0.3950	  0.03313
   0.3960	  0.03471
   0.3970	  0.03745
   0.3980	  0.03639
   0.3990	  0.04897
   0.4000	  0.03832
   0.4010	  0.04642
   0.4020	  0.04021
   0.4030	  0.03763
   0.4040	  0.03454
   0.4050	  0.03307
   0.4060	  0.02860
   0.4070	  0.02704
   0.4080	  0.03665
   0.4090	  0.03363
   0.4100	  0.03164
   0.4110	  0.02801
   0.4120	  0.03093
   0.4130	  0.02291
   0.4140	  0.02377
   0.4150	  0.02802
   0.4160	  0.02871
   0.4170	  0.01993
   0.4180	  0.02115
   0.4190	  0.02032
   0.4200	  0.02168
   0.4210	  0.02567
   0.4220	  0.02587
   0.4230	  0.02627
   0.4240	  0.03749
   0.4250	  0.02930
   0.4260	  0.02458
   0.4270	  0.03245
   0.4280	  0.03080
   0.4290	  0.03182
   0.4300	  0.03177
   0.4310	  0.03731
   0.4320	  0.04041
   0.4330	  0.04310
   0.4340	  0.03798
   0.4350	  0.04582
   0.4360	  0.03748
   0.4370	  0.03688
   0.4380	  0.02908
   0.4390	  0.02956
   0.4400	  0.02763
   0.4410	  0.02920
   0.4420	  0.02578
   0.4430	  0.02445
   0.4440	  0.02607
   0.4450	  0.02424
   0.4460	  0.02902
   0.4470	  0.03104
   0.4480	  0.03052
   0.4490	  0.02625
   0.4500	  0.03282
   0.4510	  0.03124
   0.4520	  0.03043
   0.4530	  0.02948
   0.4540	  0.02454
   0.4550	  0.02503
   0.4560	  0.03494
   0.4570	  0.03719
   0.4580	  0.02376
   0.4590	  0.02673
   0.4600	  0.03176
   0.4610	  0.03463
   0.4620	  0.02607
   0.4630	  0.02429
   0.4640	  0.02386
   0.4650	  0.02685
   0.4660	  0.02691
   0.4670	  0.02482
   0.4680	  0.02574
   0.4690	  0.02600
   0.4700	  0.03097
   0.4710	  0.02977
   0.4720	  0.03420
   0.4730	  0.03072
   0.4740	  0.03503
   0.4750	  0.02609
   0.4760	  0.02128
   0.4770	  0.02096
   0.4780	  0.02397
   0.4790	  0.02016
   0.4800	  0.02394
   0.4810	  0.02396
   0.4820	  0.02408
   0.4830	  0.02699
   0.4840	  0.02525
   0.4850	  0.02612
   0.4860	  0.02711
   0.4870	  0.02456
   0.4880	  0.02305
   0.4890	  0.02536
   0.4900	  0.01871
   0.4910	  0.02796
   0.4920	  0.02418
   0.4930	  0.01986
   0.4940	  0.02033
   0.4950	  0.01785
   0.4960	  0.01499
   0.4970	  0.01669
   0.4980	  0.01501
   0.4990	  0.01069
   0.5000	  0.01513
   0.5010	  0.01857
   0.5020	  0.02034
   0.5030	  0.01973
   0.5040	  0.02194
   0.5050	  0.02274
   0.5060	  0.02383
   0.5070	  0.03064
   0.5080	  0.02372
   0.5090	  0.01921
   0.5100	  0.01871
   0.5110	  0.02306
   0.5120	  0.02181
   0.5130	  0.02203
   0.5140	  0.02481
   0.5150	  0.03030
   0.5160	  0.02914
   0.5170	  0.01662
   0.5180	  0.02412
   0.5190	  0.02359
   0.5200	  0.02215
   0.5210	  0.02479
   0.5220	  0.02158
   0.5230	  0.02114
   0.5240	  0.02230
   0.5250	  0.01913
   0.5260	  0.01654
   0.5270	  0.01508
   0.5280	  0.01354
   0.5290	  0.01778
   0.5300	  0.01949
   0.5310	  0.03198
   0.5320	  0.03653
   0.5330	  0.02644
   0.5340	  0.02831
   0.5350	  0.02657
   0.5360	  0.02440
   0.5370	  0.02123
   0.5380	  0.02165
   0.5390	  0.01771
   0.5400	  0.02536
   0.5410	  0.02373
   0.5420	  0.02303
   0.5430	  0.01790
   0.5440	  0.02054
   0.5450	  0.01870
   0.5460	  0.01376
   0.5470	  0.01686
   0.5480	  0.01242
   0.5490	  0.00856
   0.5500	  0.01024
   0.5510	  0.00840
   0.5520	  0.00867
   0.5530	  0.01481
   0.5540	  0.01257
   0.5550	  0.01884
   0.5560	  0.01754
   0.5570	  0.01832
   0.5580	  0.01463
   0.5590	  0.01515
   0.5600	  0.01795
   0.5610	  0.01316
   0.5620	  0.01094
   0.5630	  0.01109
   0.5640	  0.01138
   0.5650	  0.01100
   0.5660	  0.01526
   0.5670	  0.02088
   0.5680	  0.01773
   0.5690	  0.02061
   0.5700	  0.02622
   0.5710	  0.02299
   0.5720	  0.02378
   0.5730	  0.02397
   0.5740	  0.02643
   0.5750	  0.02064
   0.5760	  0.02224
   0.5770	  0.02084
   0.5780	  0.01369
   0.5790	  0.01890
   0.5800	  0.01904
   0.5810	  0.01196
   0.5820	  0.00888
   0.5830	  0.01029
   0.5840	  0.01111
   0.5850	  0.01008
   0.5860	  0.01287
   0.5870	  0.01468
   0.5880	  0.01537
   0.5890	  0.01099
   0.5900	  0.02005
   0.5910	  0.01808
   0.5920	  0.01302
   0.5930	  0.02321
   0.5940	  0.01878
   0.5950	  0.01192
   0.5960	  0.01258
   0.5970	  0.01187
   0.5980	  0.01161
   0.5990	  0.00424
   0.6000	  0.00703
   0.6010	  0.00704
   0.6020	  0.00833
   0.6030	  0.01203
   0.6040	  0.00990
   0.6050	  0.01066
   0.6060	  0.00676
   0.6070	  0.01100
   0.6080	  0.01552
   0.6090	  0.01436
   0.6100	  0.01644
   0.6110	  0.01890
   0.6120	  0.01539
   0.6130	  0.01422
   0.6140	  0.01814
   0.6150	  0.01973
   0.6160	  0.02134
   0.6170	  0.01972
   0.6180	  0.01598
   0.6190	  0.01460
   0.6200	  0.01442
   0.6210	  0.01061
   0.6220	  0.01013
   0.6230	  0.01064
   0.6240	  0.01354
   0.6250	  0.01199
   0.6260	  0.01042
   0.6270	  0.01253
   0.6280	  0.01184
   0.6290	  0.00847
   0.6300	  0.01045
   0.6310	  0.00995
   0.6320	  0.00735
   0.6330	  0.00593
   0.6340	  0.00916
   0.6350	  0.01404
   0.6360	  0.01092
   0.6370	  0.00432
   0.6380	  0.01217
   0.6390	  0.01697
   0.6400	  0.01912
   0.6410	  0.01643
   0.6420	  0.01886
   0.6430	  0.01278
   0.6440	  0.01053
   0.6450	  0.01338
   0.6460	  0.01375
   0.6470	  0.01234
   0.6480	  0.01520
   0.6490	  0.01106
   0.6500	  0.01674
   0.6510	  0.02328
   0.6520	  0.02176
   0.6530	  0.01657
   0.6540	  0.01614
   0.6550	  0.01771
   0.6560	  0.01330
   0.6570	  0.01172
   0.6580	  0.00614
   0.6590	  0.00847
   0.6600	  0.01228
   0.6610	  0.01286
   0.6620	  0.00924
   0.6630	  0.00720
   0.6640	  0.00285
   0.6650	  0.00522
   0.6660	  0.00540
   0.6670	  0.00881
   0.6680	  0.00752
   0.6690	  0.01478
   0.6700	  0.01384
   0.6710	  0.01809
   0.6720	  0.01826
   0.6730	  0.01297
   0.6740	  0.01464
   0.6750	  0.00725
   0.6760	  0.01186
   0.6770	  0.00908
   0.6780	  0.01367
   0.6790	  0.01543
   0.6800	  0.01046
   0.6810	  0.00957
   0.6820	  0.00623
   0.6830	  0.00898
   0.6840	  0.00740
   0.6850	  0.01562
   0.6860	  0.01400
   0.6870	  0.01221
   0.6880	  0.01017
   0.6890	  0.00877
   0.6900	  0.00782
   0.6910	  0.00906
   0.6920	  0.01262
   0.6930	  0.00774
   0.6940	  0.00844
   0.6950	  0.01345
   0.6960	  0.00829
   0.6970	  0.00895
   0.6980	  0.01227
   0.6990	  0.01371
   0.7000	  0.01111
   0.7010	  0.00934
   0.7020	  0.00692
   0.7030	  0.00534
   0.7040	  0.00965
   0.7050	  0.00580
   0.7060	  0.00741
   0.7070	  0.00803
   0.7080	  0.01087
   0.7090	  0.01014
   0.7100	  0.00726
   0.7110	  0.00830
   0.7120	  0.01489
   0.7130	  0.01384
   0.7140	  0.01958
   0.7150	  0.01602
   0.7160	  0.01788
   0.7170	  0.02443
   0.7180	  0.02999
   0.7190	  0.02040
   0.7200	  0.02117
   0.7210	  0.01464
   0.7220	  0.01381
   0.7230	  0.01704
   0.7240	  0.01925
   0.7250	  0.02058
   0.7260	  0.01922
   0.7270	  0.01929
   0.7280	  0.01699
   0.7290	  0.01456
   0.7300	  0.01217
   0.7310	  0.01272
   0.7320	  0.01224
   0.7330	  0.01745
   0.7340	  0.01045
   0.7350	  0.01092
   0.7360	  0.01339
   0.7370	  0.00849
   0.7380	  0.00664
   0.7390	  0.00859
   0.7400	  0.01078
   0.7410	  0.00828
   0.7420	  0.01054
   0.7430	  0.00956
   0.7440	  0.00628
   0.7450	  0.00733
   0.7460	  0.00830
   0.7470	  0.00711
   0.7480	  0.01189
   0.7490	  0.00965
   0.7500	  0.01469
   0.7510	  0.01323
   0.7520	  0.01786
   0.7530	  0.01960
   0.7540	  0.01545
   0.7550	  0.01179
   0.7560	  0.00954
   0.7570	  0.01190
   0.7580	  0.00920
   0.7590	  0.01301
   0.7600	  0.00801
   0.7610	  0.00778
   0.7620	  0.01405
   0.7630	  0.00834
   0.7640	  0.00898
   0.7650	  0.00994
   0.7660	  0.00757
   0.7670	  0.00905
   0.7680	  0.00825
   0.7690	  0.00849
   0.7700	  0.00887
   0.7710	  0.00939
   0.7720	  0.01033
   0.7730	  0.00749
   0.7740	  0.00918
   0.7750	  0.00696
   0.7760	  0.01522
   0.7770	  0.01331
   0.7780	  0.01060
   0.7790	  0.01485
   0.7800	  0.01522
   0.7810	  0.01902
   0.7820	  0.01918
   0.7830	  0.02587
   0.7840	  0.02271
   0.7850	  0.02033
   0.7860	  0.01440
   0.7870	  0.01839
   0.7880	  0.01438
   0.7890	  0.01971
   0.7900	  0.02149
   0.7910	  0.02175
   0.7920	  0.01790
   0.7930	  0.02413
   0.7940	  0.02314
   0.7950	  0.02702
   0.7960	  0.02300
   0.7970	  0.02429
   0.7980	  0.01740
   0.7990	  0.01989
   0.8000	  0.01447
   0.8010	  0.01436
   0.8020	  0.01264
   0.8030	  0.01465
   0.8040	  0.01248
   0.8050	  0.00741
   0.8060	  0.01017
   0.8070	  0.00757
   0.8080	  0.01354
   0.8090	  0.00750
   0.8100	  0.00749
   0.8110	  0.00757
   0.8120	  0.01363
   0.8130	  0.01175
   0.8140	  0.01408
   0.8150	  0.01396
   0.8160	  0.01387
   0.8170	  0.00988
   0.8180	  0.00653
   0.8190	  0.01047
   0.8200	  0.01439
   0.8210	  0.01244
   0.8220	  0.00965
   0.8230	  0.01135
   0.8240	  0.00996
   0.8250	  0.01629
   0.8260	  0.01243
   0.8270	  0.01756
   0.8280	  0.01675
   0.8290	  0.01715
   0.8300	  0.01346
   0.8310	  0.01132
   0.8320	  0.01456
   0.8330	  0.01002
   0.8340	  0.01237
   0.8350	  0.01286
   0.8360	  0.00600
   0.8370	  0.01139
   0.8380	  0.00761
   0.8390	  0.00437
   0.8400	  0.00369
   0.8410	  0.00249
   0.8420	  0.00382
   0.8430	  0.01079
   0.8440	  0.00596
   0.8450	  0.00535
   0.8460	  0.00463
   0.8470	  0.00910
   0.8480	  0.00418
   0.8490	  0.00490
   0.8500	  0.00597
   0.8510	  0.00908
   0.8520	  0.01086
   0.8530	  0.00932
   0.8540	  0.00963
   0.8550	  0.00392
   0.8560	  0.01137
   0.8570	  0.00474
   0.8580	  0.00745
   0.8590	  0.00822
   0.8600	  0.00614
   0.8610	  0.01029
   0.8620	  0.00707
   0.8630	  0.00105
   0.8640	  0.01658
   0.8650	  0.01265
   0.8660	  0.01111
   0.8670	  0.01183
   0.8680	  0.00707
   0.8690	  0.00491
   0.8700	  0.00633
   0.8710	  0.00583
   0.8720	  0.00509
   0.8730	  0.00308
   0.8740	  0.00708
   0.8750	  0.00708
   0.8760	  0.01105
   0.8770	  0.00941
   0.8780	  0.00927
   0.8790	  0.00744
   0.8800	 -0.00036
   0.8810	  0.00671
   0.8820	 -0.00058
   0.8830	  0.00612
   0.8840	  0.01042
   0.8850	  0.00679
   0.8860	  0.00835
   0.8870	  0.00689
   0.8880	  0.00856
   0.8890	  0.00523
   0.8900	  0.00468
   0.8910	  0.00507
   0.8920	  0.00653
   0.8930	  0.00880
   0.8940	  0.00755
   0.8950	  0.00148
   0.8960	  0.01309
   0.8970	  0.00576
   0.8980	  0.00822
   0.8990	  0.00487
   0.9000	  0.00433
   0.9010	  0.00613
   0.9020	  0.00713
   0.9030	  0.00874
   0.9040	  0.00720
   0.9050	  0.01430
   0.9060	  0.00407
   0.9070	  0.00450
   0.9080	  0.00356
   0.9090	  0.00975
   0.9100	  0.00365
   0.9110	  0.00688
   0.9120	  0.00751
   0.9130	  0.00816
   0.9140	  0.00833
   0.9150	  0.01054
   0.9160	  0.01013
   0.9170	  0.01248
   0.9180	  0.00898
   0.9190	  0.02193
   0.9200	  0.01472
   0.9210	  0.01018
   0.9220	  0.01494
   0.9230	  0.01778
   0.9240	  0.01919
   0.9250	  0.01806
   0.9260	  0.01387
   0.9270	  0.01010
   0.9280	  0.01157
   0.9290	  0.00408
   0.9300	  0.00462
   0.9310	  0.00575
   0.9320	  0.00500
   0.9330	  0.01228
   0.9340	  0.01374
   0.9350	  0.00976
   0.9360	  0.00719
   0.9370	  0.00918
   0.9380	  0.00831
   0.9390	  0.01294
   0.9400	  0.00542
   0.9410	  0.00339
   0.9420	  0.00140
   0.9430	  0.00350
   0.9440	  0.00211
   0.9450	  0.00315
   0.9460	  0.00402
   0.9470	  0.00439
   0.9480	  0.00473
   0.9490	  0.00458
   0.9500	  0.00449
   0.9510	  0.00413
   0.9520	  0.00497
   0.9530	  0.00352
   0.9540	  0.00523
   0.9550	  0.00148
   0.9560	  0.00553
   0.9570	  0.00564
   0.9580	  0.00594
   0.9590	  0.00116
   0.9600	  0.00124
   0.9610	  0.00158
   0.9620	  0.00420
   0.9630	  0.00230
   0.9640	  0.00885
   0.9650	  0.00334
   0.9660	  0.00352
   0.9670	  0.00463
   0.9680	  0.00821
   0.9690	  0.00398
   0.9700	  0.00241
   0.9710	  0.00308
   0.9720	  0.00113
   0.9730	 -0.00110
   0.9740	  0.00168
   0.9750	 -0.00042
   0.9760	  0.00241
   0.9770	  0.00454
   0.9780	  0.00448
   0.9790	  0.00251
   0.9800	  0.00068
   0.9810	  0.01056
   0.9820	  0.00145
   0.9830	  0.00094
   0.9840	  0.00800
   0.9850	  0.00805
   0.9860	  0.00468
   0.9870	  0.00517
   0.9880	  0.00369
   0.9890	  0.00191
   0.9900	  0.00385
   0.9910	  0.00387
   0.9920	  0.00755
   0.9930	  0.00853
   0.9940	  0.01147
   0.9950	  0.01110
   0.9960	  0.01356
   0.9970	  0.01414
   0.9980	  0.01983
   0.9990	  0.01399
   1.0000	  0.01656
