## Jackknife output: chrom 12
## Bin(cM)	Covariance
   0.0010	  0.06318
   0.0020	  0.11409
   0.0030	  0.12516
   0.0040	  0.12593
   0.0050	  0.12447
   0.0060	  0.11518
   0.0070	  0.11328
   0.0080	  0.11212
   0.0090	  0.11789
   0.0100	  0.11939
   0.0110	  0.11095
   0.0120	  0.09885
   0.0130	  0.10960
   0.0140	  0.10141
   0.0150	  0.09333
   0.0160	  0.09510
   0.0170	  0.09359
   0.0180	  0.09073
   0.0190	  0.08965
   0.0200	  0.09085
   0.0210	  0.08933
   0.0220	  0.09580
   0.0230	  0.09080
   0.0240	  0.10076
   0.0250	  0.09563
   0.0260	  0.11032
   0.0270	  0.10405
   0.0280	  0.09341
   0.0290	  0.09425
   0.0300	  0.09097
   0.0310	  0.09177
   0.0320	  0.09469
   0.0330	  0.09502
   0.0340	  0.09177
   0.0350	  0.08699
   0.0360	  0.09145
   0.0370	  0.08846
   0.0380	  0.08998
   0.0390	  0.08652
   0.0400	  0.09244
   0.0410	  0.09965
   0.0420	  0.09372
   0.0430	  0.08878
   0.0440	  0.09028
   0.0450	  0.09416
   0.0460	  0.10240
   0.0470	  0.09705
   0.0480	  0.08853
   0.0490	  0.10568
   0.0500	  0.09819
   0.0510	  0.08617
   0.0520	  0.08974
   0.0530	  0.08345
   0.0540	  0.08406
   0.0550	  0.08180
   0.0560	  0.07840
   0.0570	  0.08304
   0.0580	  0.08744
   0.0590	  0.08886
   0.0600	  0.08802
   0.0610	  0.08622
   0.0620	  0.08245
   0.0630	  0.08558
   0.0640	  0.07938
   0.0650	  0.08188
   0.0660	  0.06646
   0.0670	  0.06511
   0.0680	  0.06252
   0.0690	  0.07404
   0.0700	  0.08207
   0.0710	  0.08298
   0.0720	  0.08548
   0.0730	  0.07915
   0.0740	  0.07475
   0.0750	  0.07895
   0.0760	  0.07845
   0.0770	  0.07217
   0.0780	  0.08570
   0.0790	  0.09654
   0.0800	  0.09169
   0.0810	  0.09157
   0.0820	  0.07969
   0.0830	  0.08252
   0.0840	  0.08254
   0.0850	  0.08678
   0.0860	  0.07506
   0.0870	  0.07140
   0.0880	  0.07324
   0.0890	  0.06418
   0.0900	  0.07461
   0.0910	  0.08280
   0.0920	  0.07355
   0.0930	  0.06453
   0.0940	  0.07240
   0.0950	  0.08211
   0.0960	  0.08277
   0.0970	  0.07177
   0.0980	  0.06348
   0.0990	  0.06123
   0.1000	  0.06893
   0.1010	  0.07172
   0.1020	  0.06464
   0.1030	  0.06766
   0.1040	  0.08051
   0.1050	  0.06796
   0.1060	  0.07081
   0.1070	  0.07318
   0.1080	  0.06476
   0.1090	  0.06661
   0.1100	  0.06811
   0.1110	  0.06585
   0.1120	  0.06673
   0.1130	  0.06550
   0.1140	  0.06503
   0.1150	  0.05843
   0.1160	  0.06669
   0.1170	  0.06462
   0.1180	  0.07455
   0.1190	  0.07390
   0.1200	  0.07979
   0.1210	  0.07744
   0.1220	  0.07764
   0.1230	  0.08282
   0.1240	  0.08123
   0.1250	  0.07168
   0.1260	  0.07634
   0.1270	  0.07839
   0.1280	  0.08234
   0.1290	  0.08607
   0.1300	  0.09667
   0.1310	  0.09051
   0.1320	  0.09733
   0.1330	  0.09799
   0.1340	  0.09884
   0.1350	  0.07939
   0.1360	  0.07671
   0.1370	  0.06330
   0.1380	  0.06557
   0.1390	  0.07275
   0.1400	  0.06927
   0.1410	  0.06838
   0.1420	  0.06901
   0.1430	  0.06010
   0.1440	  0.06402
   0.1450	  0.07090
   0.1460	  0.06121
   0.1470	  0.06420
   0.1480	  0.05444
   0.1490	  0.07007
   0.1500	  0.06263
   0.1510	  0.06269
   0.1520	  0.06542
   0.1530	  0.06159
   0.1540	  0.06400
   0.1550	  0.05755
   0.1560	  0.05464
   0.1570	  0.05699
   0.1580	  0.04780
   0.1590	  0.05172
   0.1600	  0.04918
   0.1610	  0.05509
   0.1620	  0.05499
   0.1630	  0.05500
   0.1640	  0.05718
   0.1650	  0.06179
   0.1660	  0.05955
   0.1670	  0.07142
   0.1680	  0.07024
   0.1690	  0.06563
   0.1700	  0.06545
   0.1710	  0.05856
   0.1720	  0.06277
   0.1730	  0.06071
   0.1740	  0.06113
   0.1750	  0.05536
   0.1760	  0.06032
   0.1770	  0.05410
   0.1780	  0.05809
   0.1790	  0.05679
   0.1800	  0.06587
   0.1810	  0.06599
   0.1820	  0.05384
   0.1830	  0.05676
   0.1840	  0.04993
   0.1850	  0.05886
   0.1860	  0.06108
   0.1870	  0.05915
   0.1880	  0.05444
   0.1890	  0.06058
   0.1900	  0.06459
   0.1910	  0.05513
   0.1920	  0.05114
   0.1930	  0.05523
   0.1940	  0.05318
   0.1950	  0.04994
   0.1960	  0.04700
   0.1970	  0.04256
   0.1980	  0.05205
   0.1990	  0.05497
   0.2000	  0.04655
   0.2010	  0.03962
   0.2020	  0.04992
   0.2030	  0.05244
   0.2040	  0.05260
   0.2050	  0.05370
   0.2060	  0.05888
   0.2070	  0.06513
   0.2080	  0.06938
   0.2090	  0.06470
   0.2100	  0.06939
   0.2110	  0.08097
   0.2120	  0.08187
   0.2130	  0.06522
   0.2140	  0.06428
   0.2150	  0.05906
   0.2160	  0.05531
   0.2170	  0.04808
   0.2180	  0.04631
   0.2190	  0.05248
   0.2200	  0.05826
   0.2210	  0.04683
   0.2220	  0.04895
   0.2230	  0.04890
   0.2240	  0.04816
   0.2250	  0.05394
   0.2260	  0.05136
   0.2270	  0.04762
   0.2280	  0.04838
   0.2290	  0.04259
   0.2300	  0.03900
   0.2310	  0.04309
   0.2320	  0.04073
   0.2330	  0.04243
   0.2340	  0.05123
   0.2350	  0.05051
   0.2360	  0.04682
   0.2370	  0.05181
   0.2380	  0.06098
   0.2390	  0.05900
   0.2400	  0.06385
   0.2410	  0.06046
   0.2420	  0.07863
   0.2430	  0.05864
   0.2440	  0.05493
   0.2450	  0.05022
   0.2460	  0.05114
   0.2470	  0.06172
   0.2480	  0.05636
   0.2490	  0.05538
   0.2500	  0.05047
   0.2510	  0.05407
   0.2520	  0.05656
   0.2530	  0.05013
   0.2540	  0.05021
   0.2550	  0.04083
   0.2560	  0.03752
   0.2570	  0.04007
   0.2580	  0.03906
   0.2590	  0.04119
   0.2600	  0.03832
   0.2610	  0.04261
   0.2620	  0.03610
   0.2630	  0.03216
   0.2640	  0.03056
   0.2650	  0.03595
   0.2660	  0.03043
   0.2670	  0.03085
   0.2680	  0.03558
   0.2690	  0.03421
   0.2700	  0.03862
   0.2710	  0.03552
   0.2720	  0.03591
   0.2730	  0.02711
   0.2740	  0.03632
   0.2750	  0.03982
   0.2760	  0.04723
   0.2770	  0.04022
   0.2780	  0.04745
   0.2790	  0.04893
   0.2800	  0.05203
   0.2810	  0.04448
   0.2820	  0.04648
   0.2830	  0.04500
   0.2840	  0.05813
   0.2850	  0.05946
   0.2860	  0.04961
   0.2870	  0.04150
   0.2880	  0.04587
   0.2890	  0.04966
   0.2900	  0.04735
   0.2910	  0.03824
   0.2920	  0.04140
   0.2930	  0.03620
   0.2940	  0.03071
   0.2950	  0.03556
   0.2960	  0.03142
   0.2970	  0.03406
   0.2980	  0.04123
   0.2990	  0.03555
   0.3000	  0.02996
   0.3010	  0.03982
   0.3020	  0.03663
   0.3030	  0.03738
   0.3040	  0.03111
   0.3050	  0.03556
   0.3060	  0.04114
   0.3070	  0.03859
   0.3080	  0.03379
   0.3090	  0.03070
   0.3100	  0.04386
   0.3110	  0.04417
   0.3120	  0.03591
   0.3130	  0.03966
   0.3140	  0.03445
   0.3150	  0.03790
   0.3160	  0.04172
   0.3170	  0.04144
   0.3180	  0.04761
   0.3190	  0.05329
   0.3200	  0.05611
   0.3210	  0.06550
   0.3220	  0.07556
   0.3230	  0.06427
   0.3240	  0.05610
   0.3250	  0.06138
   0.3260	  0.06026
   0.3270	  0.05182
   0.3280	  0.04567
   0.3290	  0.04627
   0.3300	  0.04518
   0.3310	  0.03624
   0.3320	  0.05080
   0.3330	  0.04085
   0.3340	  0.03457
   0.3350	  0.03389
   0.3360	  0.03217
   0.3370	  0.03352
   0.3380	  0.03155
   0.3390	  0.02881
   0.3400	  0.03494
   0.3410	  0.03386
   0.3420	  0.03047
   0.3430	  0.02543
   0.3440	  0.03032
   0.3450	  0.03168
   0.3460	  0.04048
   0.3470	  0.02861
   0.3480	  0.02709
   0.3490	  0.03486
   0.3500	  0.03344
   0.3510	  0.02872
   0.3520	  0.03362
   0.3530	  0.03331
   0.3540	  0.03617
   0.3550	  0.03410
   0.3560	  0.03191
   0.3570	  0.03208
   0.3580	  0.02856
   0.3590	  0.02917
   0.3600	  0.02675
   0.3610	  0.02842
   0.3620	  0.03066
   0.3630	  0.03312
   0.3640	  0.03150
   0.3650	  0.03542
   0.3660	  0.03042
   0.3670	  0.02735
   0.3680	  0.03032
   0.3690	  0.03304
   0.3700	  0.03365
   0.3710	  0.04078
   0.3720	  0.03034
   0.3730	  0.03617
   0.3740	  0.03253
   0.3750	  0.03372
   0.3760	  0.03876
   0.3770	  0.03559
   0.3780	  0.04106
   0.3790	  0.04244
   0.3800	  0.03443
   0.3810	  0.03730
   0.3820	  0.03485
   0.3830	  0.03589
   0.3840	  0.04166
   0.3850	  0.03776
   0.3860	  0.03747
   0.3870	  0.03785
   0.3880	  0.04006
   0.3890	  0.03440
   0.3900	  0.02969
   0.3910	  0.03569
   0.3920	  0.03893
   0.3930	  0.02735
   0.3940	  0.02586
   0.3950	  0.03219
   0.3960	  0.03378
   0.3970	  0.03779
   0.3980	  0.03671
   0.3990	  0.04902
   0.4000	  0.03846
   0.4010	  0.04661
   0.4020	  0.04026
   0.4030	  0.03629
   0.4040	  0.03488
   0.4050	  0.03332
   0.4060	  0.02970
   0.4070	  0.02776
   0.4080	  0.03654
   0.4090	  0.03380
   0.4100	  0.03229
   0.4110	  0.02776
   0.4120	  0.03046
   0.4130	  0.02234
   0.4140	  0.02350
   0.4150	  0.02882
   0.4160	  0.02919
   0.4170	  0.02059
   0.4180	  0.02085
   0.4190	  0.02042
   0.4200	  0.02119
   0.4210	  0.02603
   0.4220	  0.02514
   0.4230	  0.02657
   0.4240	  0.03811
   0.4250	  0.03096
   0.4260	  0.02569
   0.4270	  0.03230
   0.4280	  0.03165
   0.4290	  0.03381
   0.4300	  0.03420
   0.4310	  0.03889
   0.4320	  0.04177
   0.4330	  0.04444
   0.4340	  0.04126
   0.4350	  0.04723
   0.4360	  0.03889
   0.4370	  0.03632
   0.4380	  0.03026
   0.4390	  0.02880
   0.4400	  0.02791
   0.4410	  0.03025
   0.4420	  0.02689
   0.4430	  0.02536
   0.4440	  0.02583
   0.4450	  0.02593
   0.4460	  0.03139
   0.4470	  0.03254
   0.4480	  0.03280
   0.4490	  0.02770
   0.4500	  0.03292
   0.4510	  0.03209
   0.4520	  0.03184
   0.4530	  0.02940
   0.4540	  0.02456
   0.4550	  0.02556
   0.4560	  0.03411
   0.4570	  0.03682
   0.4580	  0.02327
   0.4590	  0.02642
   0.4600	  0.03009
   0.4610	  0.03357
   0.4620	  0.02590
   0.4630	  0.02242
   0.4640	  0.02337
   0.4650	  0.02643
   0.4660	  0.02640
   0.4670	  0.02541
   0.4680	  0.02550
   0.4690	  0.02461
   0.4700	  0.03005
   0.4710	  0.02823
   0.4720	  0.03269
   0.4730	  0.02850
   0.4740	  0.03273
   0.4750	  0.02529
   0.4760	  0.02121
   0.4770	  0.01980
   0.4780	  0.02256
   0.4790	  0.01943
   0.4800	  0.02319
   0.4810	  0.02233
   0.4820	  0.02250
   0.4830	  0.02406
   0.4840	  0.02179
   0.4850	  0.02348
   0.4860	  0.02311
   0.4870	  0.01963
   0.4880	  0.01722
   0.4890	  0.02076
   0.4900	  0.01459
   0.4910	  0.02440
   0.4920	  0.02147
   0.4930	  0.01726
   0.4940	  0.01795
   0.4950	  0.01646
   0.4960	  0.01146
   0.4970	  0.01517
   0.4980	  0.01372
   0.4990	  0.01006
   0.5000	  0.01380
   0.5010	  0.01672
   0.5020	  0.01966
   0.5030	  0.02062
   0.5040	  0.02143
   0.5050	  0.02314
   0.5060	  0.02413
   0.5070	  0.02959
   0.5080	  0.02333
   0.5090	  0.01927
   0.5100	  0.01869
   0.5110	  0.02149
   0.5120	  0.02079
   0.5130	  0.01997
   0.5140	  0.02412
   0.5150	  0.02947
   0.5160	  0.02826
   0.5170	  0.01545
   0.5180	  0.02403
   0.5190	  0.02077
   0.5200	  0.02047
   0.5210	  0.02354
   0.5220	  0.01982
   0.5230	  0.01902
   0.5240	  0.02062
   0.5250	  0.01776
   0.5260	  0.01686
   0.5270	  0.01439
   0.5280	  0.01264
   0.5290	  0.01749
   0.5300	  0.01885
   0.5310	  0.02976
   0.5320	  0.03510
   0.5330	  0.02627
   0.5340	  0.02862
   0.5350	  0.02537
   0.5360	  0.02254
   0.5370	  0.02046
   0.5380	  0.02085
   0.5390	  0.01845
   0.5400	  0.02403
   0.5410	  0.02312
   0.5420	  0.02223
   0.5430	  0.01757
   0.5440	  0.01984
   0.5450	  0.01752
   0.5460	  0.01359
   0.5470	  0.01708
   0.5480	  0.01196
   0.5490	  0.00825
   0.5500	  0.00928
   0.5510	  0.00827
   0.5520	  0.00755
   0.5530	  0.01224
   0.5540	  0.01123
   0.5550	  0.01766
   0.5560	  0.01661
   0.5570	  0.01684
   0.5580	  0.01397
   0.5590	  0.01473
   0.5600	  0.01864
   0.5610	  0.01244
   0.5620	  0.01070
   0.5630	  0.01032
   0.5640	  0.01111
   0.5650	  0.01087
   0.5660	  0.01346
   0.5670	  0.01968
   0.5680	  0.01703
   0.5690	  0.01916
   0.5700	  0.02369
   0.5710	  0.02162
   0.5720	  0.02142
   0.5730	  0.02271
   0.5740	  0.02492
   0.5750	  0.01817
   0.5760	  0.02072
   0.5770	  0.01834
   0.5780	  0.01284
   0.5790	  0.01723
   0.5800	  0.01752
   0.5810	  0.01083
   0.5820	  0.00703
   0.5830	  0.00988
   0.5840	  0.01064
   0.5850	  0.00862
   0.5860	  0.01161
   0.5870	  0.01373
   0.5880	  0.01423
   0.5890	  0.01084
   0.5900	  0.02061
   0.5910	  0.01820
   0.5920	  0.01303
   0.5930	  0.02119
   0.5940	  0.01677
   0.5950	  0.01113
   0.5960	  0.01093
   0.5970	  0.00955
   0.5980	  0.00963
   0.5990	  0.00373
   0.6000	  0.00540
   0.6010	  0.00518
   0.6020	  0.00655
   0.6030	  0.00971
   0.6040	  0.00917
   0.6050	  0.00952
   0.6060	  0.00571
   0.6070	  0.01001
   0.6080	  0.01448
   0.6090	  0.01420
   0.6100	  0.01629
   0.6110	  0.01983
   0.6120	  0.01549
   0.6130	  0.01495
   0.6140	  0.01643
   0.6150	  0.01898
   0.6160	  0.02005
   0.6170	  0.01796
   0.6180	  0.01378
   0.6190	  0.01409
   0.6200	  0.01328
   0.6210	  0.01101
   0.6220	  0.01048
   0.6230	  0.00998
   0.6240	  0.01165
   0.6250	  0.01146
   0.6260	  0.00842
   0.6270	  0.01174
   0.6280	  0.00972
   0.6290	  0.00675
   0.6300	  0.00751
   0.6310	  0.00886
   0.6320	  0.00727
   0.6330	  0.00524
   0.6340	  0.00856
   0.6350	  0.01465
   0.6360	  0.01126
   0.6370	  0.00504
   0.6380	  0.01310
   0.6390	  0.01561
   0.6400	  0.01922
   0.6410	  0.01632
   0.6420	  0.01770
   0.6430	  0.01328
   0.6440	  0.01113
   0.6450	  0.01427
   0.6460	  0.01395
   0.6470	  0.01245
   0.6480	  0.01598
   0.6490	  0.01112
   0.6500	  0.01724
   0.6510	  0.02285
   0.6520	  0.02111
   0.6530	  0.01617
   0.6540	  0.01583
   0.6550	  0.01751
   0.6560	  0.01302
   0.6570	  0.01220
   0.6580	  0.00688
   0.6590	  0.01031
   0.6600	  0.01202
   0.6610	  0.01272
   0.6620	  0.01049
   0.6630	  0.00750
   0.6640	  0.00241
   0.6650	  0.00353
   0.6660	  0.00437
   0.6670	  0.00835
   0.6680	  0.00615
   0.6690	  0.01309
   0.6700	  0.01472
   0.6710	  0.01716
   0.6720	  0.01846
   0.6730	  0.01297
   0.6740	  0.01471
   0.6750	  0.00952
   0.6760	  0.01171
   0.6770	  0.00831
   0.6780	  0.01279
   0.6790	  0.01421
   0.6800	  0.00948
   0.6810	  0.00874
   0.6820	  0.00507
   0.6830	  0.00879
   0.6840	  0.00827
   0.6850	  0.01560
   0.6860	  0.01290
   0.6870	  0.01278
   0.6880	  0.01169
   0.6890	  0.01135
   0.6900	  0.00981
   0.6910	  0.01145
   0.6920	  0.01620
   0.6930	  0.01114
   0.6940	  0.01281
   0.6950	  0.01682
   0.6960	  0.00835
   0.6970	  0.01188
   0.6980	  0.01470
   0.6990	  0.01489
   0.7000	  0.01274
   0.7010	  0.01059
   0.7020	  0.00867
   0.7030	  0.00657
   0.7040	  0.01046
   0.7050	  0.00699
   0.7060	  0.00797
   0.7070	  0.00935
   0.7080	  0.01268
   0.7090	  0.01226
   0.7100	  0.00979
   0.7110	  0.00905
   0.7120	  0.01579
   0.7130	  0.01472
   0.7140	  0.02146
   0.7150	  0.01811
   0.7160	  0.01940
   0.7170	  0.02566
   0.7180	  0.03122
   0.7190	  0.02323
   0.7200	  0.02215
   0.7210	  0.01518
   0.7220	  0.01472
   0.7230	  0.01818
   0.7240	  0.02011
   0.7250	  0.02116
   0.7260	  0.01969
   0.7270	  0.02029
   0.7280	  0.01871
   0.7290	  0.01687
   0.7300	  0.01448
   0.7310	  0.01530
   0.7320	  0.01415
   0.7330	  0.01692
   0.7340	  0.01056
   0.7350	  0.01081
   0.7360	  0.01310
   0.7370	  0.00698
   0.7380	  0.00597
   0.7390	  0.00828
   0.7400	  0.01060
   0.7410	  0.00942
   0.7420	  0.01127
   0.7430	  0.01027
   0.7440	  0.00738
   0.7450	  0.00744
   0.7460	  0.00760
   0.7470	  0.00628
   0.7480	  0.01210
   0.7490	  0.01060
   0.7500	  0.01375
   0.7510	  0.01358
   0.7520	  0.01718
   0.7530	  0.02164
   0.7540	  0.01724
   0.7550	  0.01332
   0.7560	  0.01186
   0.7570	  0.01318
   0.7580	  0.01131
   0.7590	  0.01328
   0.7600	  0.00810
   0.7610	  0.00882
   0.7620	  0.01360
   0.7630	  0.01011
   0.7640	  0.00955
   0.7650	  0.01092
   0.7660	  0.00719
   0.7670	  0.00948
   0.7680	  0.00837
   0.7690	  0.00861
   0.7700	  0.00884
   0.7710	  0.01023
   0.7720	  0.01044
   0.7730	  0.00822
   0.7740	  0.01031
   0.7750	  0.00826
   0.7760	  0.01641
   0.7770	  0.01206
   0.7780	  0.01032
   0.7790	  0.01484
   0.7800	  0.01547
   0.7810	  0.01949
   0.7820	  0.01985
   0.7830	  0.02539
   0.7840	  0.02313
   0.7850	  0.01986
   0.7860	  0.01420
   0.7870	  0.01820
   0.7880	  0.01503
   0.7890	  0.02254
   0.7900	  0.02425
   0.7910	  0.02454
   0.7920	  0.01827
   0.7930	  0.02617
   0.7940	  0.02645
   0.7950	  0.02869
   0.7960	  0.02286
   0.7970	  0.02548
   0.7980	  0.01678
   0.7990	  0.02068
   0.8000	  0.01911
   0.8010	  0.01738
   0.8020	  0.01546
   0.8030	  0.01568
   0.8040	  0.01554
   0.8050	  0.00842
   0.8060	  0.01043
   0.8070	  0.00917
   0.8080	  0.01369
   0.8090	  0.00866
   0.8100	  0.00950
   0.8110	  0.00979
   0.8120	  0.01441
   0.8130	  0.01378
   0.8140	  0.01668
   0.8150	  0.01538
   0.8160	  0.01540
   0.8170	  0.01255
   0.8180	  0.00968
   0.8190	  0.01366
   0.8200	  0.02117
   0.8210	  0.01523
   0.8220	  0.00970
   0.8230	  0.01228
   0.8240	  0.01166
   0.8250	  0.01696
   0.8260	  0.01377
   0.8270	  0.01769
   0.8280	  0.01765
   0.8290	  0.01798
   0.8300	  0.01427
   0.8310	  0.01130
   0.8320	  0.01531
   0.8330	  0.00978
   0.8340	  0.01387
   0.8350	  0.01346
   0.8360	  0.00654
   0.8370	  0.01150
   0.8380	  0.00821
   0.8390	  0.00472
   0.8400	  0.00486
   0.8410	  0.00201
   0.8420	  0.00388
   0.8430	  0.01129
   0.8440	  0.00639
   0.8450	  0.00612
   0.8460	  0.00500
   0.8470	  0.01101
   0.8480	  0.00466
   0.8490	  0.00557
   0.8500	  0.00670
   0.8510	  0.01115
   0.8520	  0.01179
   0.8530	  0.01136
   0.8540	  0.00991
   0.8550	  0.00578
   0.8560	  0.01232
   0.8570	  0.00492
   0.8580	  0.00801
   0.8590	  0.00908
   0.8600	  0.00501
   0.8610	  0.01074
   0.8620	  0.00668
   0.8630	  0.00190
   0.8640	  0.01764
   0.8650	  0.01322
   0.8660	  0.01157
   0.8670	  0.01182
   0.8680	  0.00716
   0.8690	  0.00393
   0.8700	  0.00635
   0.8710	  0.00660
   0.8720	  0.00452
   0.8730	  0.00249
   0.8740	  0.00853
   0.8750	  0.00904
   0.8760	  0.01177
   0.8770	  0.01012
   0.8780	  0.01051
   0.8790	  0.00960
   0.8800	  0.00237
   0.8810	  0.00785
   0.8820	  0.00269
   0.8830	  0.00591
   0.8840	  0.01171
   0.8850	  0.00844
   0.8860	  0.00869
   0.8870	  0.00841
   0.8880	  0.01042
   0.8890	  0.00840
   0.8900	  0.00611
   0.8910	  0.01015
   0.8920	  0.00884
   0.8930	  0.01019
   0.8940	  0.01027
   0.8950	  0.00145
   0.8960	  0.01381
   0.8970	  0.00625
   0.8980	  0.00968
   0.8990	  0.00627
   0.9000	  0.00390
   0.9010	  0.00532
   0.9020	  0.00585
   0.9030	  0.00791
   0.9040	  0.00607
   0.9050	  0.01458
   0.9060	  0.00394
   0.9070	  0.00507
   0.9080	  0.00402
   0.9090	  0.00936
   0.9100	  0.00449
   0.9110	  0.00760
   0.9120	  0.00858
   0.9130	  0.01049
   0.9140	  0.00926
   0.9150	  0.01148
   0.9160	  0.01260
   0.9170	  0.01363
   0.9180	  0.01024
   0.9190	  0.02366
   0.9200	  0.01685
   0.9210	  0.01278
   0.9220	  0.01599
   0.9230	  0.01903
   0.9240	  0.01813
   0.9250	  0.01622
   0.9260	  0.01523
   0.9270	  0.01117
   0.9280	  0.01457
   0.9290	  0.00537
   0.9300	  0.00762
   0.9310	  0.00861
   0.9320	  0.00568
   0.9330	  0.01356
   0.9340	  0.01113
   0.9350	  0.00704
   0.9360	  0.00716
   0.9370	  0.00884
   0.9380	  0.01153
   0.9390	  0.01763
   0.9400	  0.01210
   0.9410	  0.00638
   0.9420	  0.00724
   0.9430	  0.00620
   0.9440	  0.00543
   0.9450	  0.00593
   0.9460	  0.00572
   0.9470	  0.00601
   0.9480	  0.00774
   0.9490	  0.00815
   0.9500	  0.01151
   0.9510	  0.01124
   0.9520	  0.01194
   0.9530	  0.01082
   0.9540	  0.01203
   0.9550	  0.00642
   0.9560	  0.00836
   0.9570	  0.00797
   0.9580	  0.00643
   0.9590	  0.00473
   0.9600	  0.00479
   0.9610	  0.00518
   0.9620	  0.01000
   0.9630	  0.00524
   0.9640	  0.01405
   0.9650	  0.00767
   0.9660	  0.00490
   0.9670	  0.00573
   0.9680	  0.00901
   0.9690	  0.00425
   0.9700	  0.00371
   0.9710	  0.00312
   0.9720	  0.00235
   0.9730	 -0.00089
   0.9740	  0.00181
   0.9750	 -0.00001
   0.9760	  0.00093
   0.9770	  0.00299
   0.9780	  0.00255
   0.9790	  0.00234
   0.9800	 -0.00103
   0.9810	  0.00898
   0.9820	  0.00130
   0.9830	  0.00133
   0.9840	  0.00498
   0.9850	  0.00747
   0.9860	  0.00519
   0.9870	  0.00567
   0.9880	  0.00407
   0.9890	  0.00266
   0.9900	  0.00368
   0.9910	  0.00556
   0.9920	  0.00751
   0.9930	  0.00799
   0.9940	  0.01012
   0.9950	  0.01217
   0.9960	  0.01404
   0.9970	  0.01504
   0.9980	  0.01981
   0.9990	  0.01378
   1.0000	  0.01670
