## Jackknife output: chrom 15
## Bin(cM)	Covariance
   0.0010	  0.06460
   0.0020	  0.11620
   0.0030	  0.12510
   0.0040	  0.12544
   0.0050	  0.12438
   0.0060	  0.11476
   0.0070	  0.11398
   0.0080	  0.11308
   0.0090	  0.11957
   0.0100	  0.12015
   0.0110	  0.11148
   0.0120	  0.09990
   0.0130	  0.11075
   0.0140	  0.10198
   0.0150	  0.09405
   0.0160	  0.09437
   0.0170	  0.09344
   0.0180	  0.09165
   0.0190	  0.09082
   0.0200	  0.09138
   0.0210	  0.08986
   0.0220	  0.09447
   0.0230	  0.08872
   0.0240	  0.09885
   0.0250	  0.09503
   0.0260	  0.10973
   0.0270	  0.10239
   0.0280	  0.09247
   0.0290	  0.09364
   0.0300	  0.09012
   0.0310	  0.09261
   0.0320	  0.09548
   0.0330	  0.09573
   0.0340	  0.09095
   0.0350	  0.08645
   0.0360	  0.09023
   0.0370	  0.08668
   0.0380	  0.08932
   0.0390	  0.08537
   0.0400	  0.09031
   0.0410	  0.09829
   0.0420	  0.09084
   0.0430	  0.08645
   0.0440	  0.08736
   0.0450	  0.09008
   0.0460	  0.09926
   0.0470	  0.09358
   0.0480	  0.08656
   0.0490	  0.10270
   0.0500	  0.09515
   0.0510	  0.08271
   0.0520	  0.08538
   0.0530	  0.07979
   0.0540	  0.08130
   0.0550	  0.08002
   0.0560	  0.07638
   0.0570	  0.08101
   0.0580	  0.08621
   0.0590	  0.08748
   0.0600	  0.08737
   0.0610	  0.08521
   0.0620	  0.08175
   0.0630	  0.08598
   0.0640	  0.07858
   0.0650	  0.08046
   0.0660	  0.06438
   0.0670	  0.06371
   0.0680	  0.06159
   0.0690	  0.07244
   0.0700	  0.08118
   0.0710	  0.08176
   0.0720	  0.08443
   0.0730	  0.07953
   0.0740	  0.07381
   0.0750	  0.07661
   0.0760	  0.07646
   0.0770	  0.07031
   0.0780	  0.08248
   0.0790	  0.09388
   0.0800	  0.08806
   0.0810	  0.08977
   0.0820	  0.07707
   0.0830	  0.08092
   0.0840	  0.08099
   0.0850	  0.08536
   0.0860	  0.07404
   0.0870	  0.06897
   0.0880	  0.07041
   0.0890	  0.06285
   0.0900	  0.07366
   0.0910	  0.08052
   0.0920	  0.07288
   0.0930	  0.06265
   0.0940	  0.07153
   0.0950	  0.08035
   0.0960	  0.08082
   0.0970	  0.06945
   0.0980	  0.06227
   0.0990	  0.06069
   0.1000	  0.06718
   0.1010	  0.06999
   0.1020	  0.06220
   0.1030	  0.06576
   0.1040	  0.07792
   0.1050	  0.06683
   0.1060	  0.06951
   0.1070	  0.07296
   0.1080	  0.06419
   0.1090	  0.06538
   0.1100	  0.06588
   0.1110	  0.06591
   0.1120	  0.06499
   0.1130	  0.06346
   0.1140	  0.06362
   0.1150	  0.05630
   0.1160	  0.06365
   0.1170	  0.06222
   0.1180	  0.07174
   0.1190	  0.07395
   0.1200	  0.07825
   0.1210	  0.07843
   0.1220	  0.07626
   0.1230	  0.08472
   0.1240	  0.08099
   0.1250	  0.07249
   0.1260	  0.07675
   0.1270	  0.07746
   0.1280	  0.08136
   0.1290	  0.08396
   0.1300	  0.09423
   0.1310	  0.08836
   0.1320	  0.09476
   0.1330	  0.09662
   0.1340	  0.09622
   0.1350	  0.07723
   0.1360	  0.07356
   0.1370	  0.06139
   0.1380	  0.06282
   0.1390	  0.07060
   0.1400	  0.06750
   0.1410	  0.06680
   0.1420	  0.06606
   0.1430	  0.05903
   0.1440	  0.06253
   0.1450	  0.06858
   0.1460	  0.05984
   0.1470	  0.06271
   0.1480	  0.05358
   0.1490	  0.06783
   0.1500	  0.06130
   0.1510	  0.06295
   0.1520	  0.06494
   0.1530	  0.06168
   0.1540	  0.06254
   0.1550	  0.05635
   0.1560	  0.05368
   0.1570	  0.05648
   0.1580	  0.04685
   0.1590	  0.05065
   0.1600	  0.04852
   0.1610	  0.05351
   0.1620	  0.05309
   0.1630	  0.05367
   0.1640	  0.05687
   0.1650	  0.06109
   0.1660	  0.05848
   0.1670	  0.07142
   0.1680	  0.06785
   0.1690	  0.06382
   0.1700	  0.06418
   0.1710	  0.05749
   0.1720	  0.06191
   0.1730	  0.05995
   0.1740	  0.05881
   0.1750	  0.05345
   0.1760	  0.05838
   0.1770	  0.05292
   0.1780	  0.05705
   0.1790	  0.05331
   0.1800	  0.06254
   0.1810	  0.06288
   0.1820	  0.05190
   0.1830	  0.05391
   0.1840	  0.04934
   0.1850	  0.05687
   0.1860	  0.05961
   0.1870	  0.05741
   0.1880	  0.05358
   0.1890	  0.05951
   0.1900	  0.06316
   0.1910	  0.05396
   0.1920	  0.04979
   0.1930	  0.05335
   0.1940	  0.05072
   0.1950	  0.04730
   0.1960	  0.04527
   0.1970	  0.04183
   0.1980	  0.05160
   0.1990	  0.05414
   0.2000	  0.04597
   0.2010	  0.03825
   0.2020	  0.04888
   0.2030	  0.05029
   0.2040	  0.05025
   0.2050	  0.05142
   0.2060	  0.05610
   0.2070	  0.06280
   0.2080	  0.06654
   0.2090	  0.06190
   0.2100	  0.06637
   0.2110	  0.07759
   0.2120	  0.07831
   0.2130	  0.06294
   0.2140	  0.06214
   0.2150	  0.05671
   0.2160	  0.05292
   0.2170	  0.04581
   0.2180	  0.04417
   0.2190	  0.05003
   0.2200	  0.05521
   0.2210	  0.04459
   0.2220	  0.04664
   0.2230	  0.04769
   0.2240	  0.04554
   0.2250	  0.05157
   0.2260	  0.04952
   0.2270	  0.04532
   0.2280	  0.04724
   0.2290	  0.04034
   0.2300	  0.03751
   0.2310	  0.04173
   0.2320	  0.04035
   0.2330	  0.04095
   0.2340	  0.05056
   0.2350	  0.04849
   0.2360	  0.04688
   0.2370	  0.05047
   0.2380	  0.05933
   0.2390	  0.05806
   0.2400	  0.06319
   0.2410	  0.06172
   0.2420	  0.07791
   0.2430	  0.05934
   0.2440	  0.05392
   0.2450	  0.04976
   0.2460	  0.05130
   0.2470	  0.06198
   0.2480	  0.05684
   0.2490	  0.05896
   0.2500	  0.05099
   0.2510	  0.05426
   0.2520	  0.05742
   0.2530	  0.05241
   0.2540	  0.05133
   0.2550	  0.04080
   0.2560	  0.03653
   0.2570	  0.04159
   0.2580	  0.03991
   0.2590	  0.04126
   0.2600	  0.03777
   0.2610	  0.04102
   0.2620	  0.03447
   0.2630	  0.03214
   0.2640	  0.03015
   0.2650	  0.03386
   0.2660	  0.02857
   0.2670	  0.02930
   0.2680	  0.03390
   0.2690	  0.03243
   0.2700	  0.03729
   0.2710	  0.03428
   0.2720	  0.03625
   0.2730	  0.02712
   0.2740	  0.03589
   0.2750	  0.03966
   0.2760	  0.04564
   0.2770	  0.03900
   0.2780	  0.04651
   0.2790	  0.04752
   0.2800	  0.05135
   0.2810	  0.04391
   0.2820	  0.04547
   0.2830	  0.04509
   0.2840	  0.05711
   0.2850	  0.05788
   0.2860	  0.04885
   0.2870	  0.04066
   0.2880	  0.04446
   0.2890	  0.04782
   0.2900	  0.04472
   0.2910	  0.03677
   0.2920	  0.03941
   0.2930	  0.03470
   0.2940	  0.02868
   0.2950	  0.03440
   0.2960	  0.02987
   0.2970	  0.03185
   0.2980	  0.03942
   0.2990	  0.03467
   0.3000	  0.02903
   0.3010	  0.03805
   0.3020	  0.03528
   0.3030	  0.03525
   0.3040	  0.02964
   0.3050	  0.03333
   0.3060	  0.03804
   0.3070	  0.03587
   0.3080	  0.03175
   0.3090	  0.02933
   0.3100	  0.04210
   0.3110	  0.04254
   0.3120	  0.03326
   0.3130	  0.03713
   0.3140	  0.03170
   0.3150	  0.03539
   0.3160	  0.03914
   0.3170	  0.03879
   0.3180	  0.04609
   0.3190	  0.05080
   0.3200	  0.05303
   0.3210	  0.06298
   0.3220	  0.07298
   0.3230	  0.06319
   0.3240	  0.05360
   0.3250	  0.06035
   0.3260	  0.05829
   0.3270	  0.04963
   0.3280	  0.04572
   0.3290	  0.04728
   0.3300	  0.04530
   0.3310	  0.03525
   0.3320	  0.04909
   0.3330	  0.04111
   0.3340	  0.03423
   0.3350	  0.03289
   0.3360	  0.03120
   0.3370	  0.03304
   0.3380	  0.03026
   0.3390	  0.02842
   0.3400	  0.03443
   0.3410	  0.03105
   0.3420	  0.02889
   0.3430	  0.02374
   0.3440	  0.02825
   0.3450	  0.03054
   0.3460	  0.04049
   0.3470	  0.02766
   0.3480	  0.02581
   0.3490	  0.03342
   0.3500	  0.03233
   0.3510	  0.02797
   0.3520	  0.03229
   0.3530	  0.03181
   0.3540	  0.03536
   0.3550	  0.03300
   0.3560	  0.03129
   0.3570	  0.03063
   0.3580	  0.02731
   0.3590	  0.02807
   0.3600	  0.02561
   0.3610	  0.02578
   0.3620	  0.02975
   0.3630	  0.03125
   0.3640	  0.03024
   0.3650	  0.03373
   0.3660	  0.03002
   0.3670	  0.02633
   0.3680	  0.02832
   0.3690	  0.03239
   0.3700	  0.03469
   0.3710	  0.04125
   0.3720	  0.03002
   0.3730	  0.03445
   0.3740	  0.03089
   0.3750	  0.03159
   0.3760	  0.03678
   0.3770	  0.03452
   0.3780	  0.03995
   0.3790	  0.04110
   0.3800	  0.03301
   0.3810	  0.03611
   0.3820	  0.03471
   0.3830	  0.03536
   0.3840	  0.04145
   0.3850	  0.03701
   0.3860	  0.03686
   0.3870	  0.03659
   0.3880	  0.03907
   0.3890	  0.03362
   0.3900	  0.02857
   0.3910	  0.03436
   0.3920	  0.03728
   0.3930	  0.02649
   0.3940	  0.02467
   0.3950	  0.03133
   0.3960	  0.03297
   0.3970	  0.03665
   0.3980	  0.03519
   0.3990	  0.04708
   0.4000	  0.03746
   0.4010	  0.04540
   0.4020	  0.03900
   0.4030	  0.03570
   0.4040	  0.03337
   0.4050	  0.03203
   0.4060	  0.02856
   0.4070	  0.02698
   0.4080	  0.03615
   0.4090	  0.03324
   0.4100	  0.03141
   0.4110	  0.02752
   0.4120	  0.03012
   0.4130	  0.02262
   0.4140	  0.02322
   0.4150	  0.02785
   0.4160	  0.02856
   0.4170	  0.02032
   0.4180	  0.02054
   0.4190	  0.02000
   0.4200	  0.02165
   0.4210	  0.02551
   0.4220	  0.02459
   0.4230	  0.02523
   0.4240	  0.03650
   0.4250	  0.02935
   0.4260	  0.02430
   0.4270	  0.03078
   0.4280	  0.02978
   0.4290	  0.03163
   0.4300	  0.03210
   0.4310	  0.03756
   0.4320	  0.03961
   0.4330	  0.04188
   0.4340	  0.03847
   0.4350	  0.04493
   0.4360	  0.03703
   0.4370	  0.03444
   0.4380	  0.02980
   0.4390	  0.02838
   0.4400	  0.02695
   0.4410	  0.02920
   0.4420	  0.02617
   0.4430	  0.02436
   0.4440	  0.02517
   0.4450	  0.02526
   0.4460	  0.03047
   0.4470	  0.03117
   0.4480	  0.03171
   0.4490	  0.02697
   0.4500	  0.03181
   0.4510	  0.03201
   0.4520	  0.03060
   0.4530	  0.02866
   0.4540	  0.02364
   0.4550	  0.02408
   0.4560	  0.03344
   0.4570	  0.03481
   0.4580	  0.02155
   0.4590	  0.02512
   0.4600	  0.02909
   0.4610	  0.03282
   0.4620	  0.02476
   0.4630	  0.02160
   0.4640	  0.02334
   0.4650	  0.02554
   0.4660	  0.02599
   0.4670	  0.02438
   0.4680	  0.02558
   0.4690	  0.02546
   0.4700	  0.03046
   0.4710	  0.02889
   0.4720	  0.03365
   0.4730	  0.02917
   0.4740	  0.03360
   0.4750	  0.02466
   0.4760	  0.02096
   0.4770	  0.01951
   0.4780	  0.02271
   0.4790	  0.01911
   0.4800	  0.02306
   0.4810	  0.02229
   0.4820	  0.02356
   0.4830	  0.02506
   0.4840	  0.02395
   0.4850	  0.02675
   0.4860	  0.02705
   0.4870	  0.02487
   0.4880	  0.02227
   0.4890	  0.02482
   0.4900	  0.01855
   0.4910	  0.02843
   0.4920	  0.02425
   0.4930	  0.01897
   0.4940	  0.02080
   0.4950	  0.01827
   0.4960	  0.01410
   0.4970	  0.01698
   0.4980	  0.01530
   0.4990	  0.01073
   0.5000	  0.01503
   0.5010	  0.01860
   0.5020	  0.02058
   0.5030	  0.02083
   0.5040	  0.02188
   0.5050	  0.02292
   0.5060	  0.02450
   0.5070	  0.02938
   0.5080	  0.02325
   0.5090	  0.01848
   0.5100	  0.01845
   0.5110	  0.02194
   0.5120	  0.02089
   0.5130	  0.02080
   0.5140	  0.02357
   0.5150	  0.02942
   0.5160	  0.02819
   0.5170	  0.01612
   0.5180	  0.02360
   0.5190	  0.02275
   0.5200	  0.02096
   0.5210	  0.02445
   0.5220	  0.02081
   0.5230	  0.01975
   0.5240	  0.02073
   0.5250	  0.01721
   0.5260	  0.01572
   0.5270	  0.01450
   0.5280	  0.01280
   0.5290	  0.01669
   0.5300	  0.01854
   0.5310	  0.03105
   0.5320	  0.03532
   0.5330	  0.02571
   0.5340	  0.02774
   0.5350	  0.02526
   0.5360	  0.02225
   0.5370	  0.02013
   0.5380	  0.01979
   0.5390	  0.01747
   0.5400	  0.02360
   0.5410	  0.02211
   0.5420	  0.02177
   0.5430	  0.01699
   0.5440	  0.01983
   0.5450	  0.01773
   0.5460	  0.01333
   0.5470	  0.01616
   0.5480	  0.01203
   0.5490	  0.00810
   0.5500	  0.00981
   0.5510	  0.00878
   0.5520	  0.00844
   0.5530	  0.01380
   0.5540	  0.01215
   0.5550	  0.01767
   0.5560	  0.01585
   0.5570	  0.01659
   0.5580	  0.01314
   0.5590	  0.01359
   0.5600	  0.01719
   0.5610	  0.01156
   0.5620	  0.00971
   0.5630	  0.01007
   0.5640	  0.01047
   0.5650	  0.01115
   0.5660	  0.01410
   0.5670	  0.01947
   0.5680	  0.01629
   0.5690	  0.01917
   0.5700	  0.02385
   0.5710	  0.02111
   0.5720	  0.02124
   0.5730	  0.02213
   0.5740	  0.02437
   0.5750	  0.01786
   0.5760	  0.01985
   0.5770	  0.01879
   0.5780	  0.01251
   0.5790	  0.01783
   0.5800	  0.01763
   0.5810	  0.01131
   0.5820	  0.00726
   0.5830	  0.00965
   0.5840	  0.01079
   0.5850	  0.00998
   0.5860	  0.01181
   0.5870	  0.01332
   0.5880	  0.01419
   0.5890	  0.01050
   0.5900	  0.01977
   0.5910	  0.01740
   0.5920	  0.01220
   0.5930	  0.02162
   0.5940	  0.01747
   0.5950	  0.01131
   0.5960	  0.01140
   0.5970	  0.01098
   0.5980	  0.01091
   0.5990	  0.00389
   0.6000	  0.00590
   0.6010	  0.00557
   0.6020	  0.00693
   0.6030	  0.01027
   0.6040	  0.00844
   0.6050	  0.00928
   0.6060	  0.00565
   0.6070	  0.00972
   0.6080	  0.01401
   0.6090	  0.01383
   0.6100	  0.01634
   0.6110	  0.01955
   0.6120	  0.01499
   0.6130	  0.01392
   0.6140	  0.01768
   0.6150	  0.01911
   0.6160	  0.02144
   0.6170	  0.01871
   0.6180	  0.01559
   0.6190	  0.01493
   0.6200	  0.01369
   0.6210	  0.01102
   0.6220	  0.01058
   0.6230	  0.01062
   0.6240	  0.01261
   0.6250	  0.01198
   0.6260	  0.01001
   0.6270	  0.01302
   0.6280	  0.01051
   0.6290	  0.00853
   0.6300	  0.00979
   0.6310	  0.00962
   0.6320	  0.00791
   0.6330	  0.00573
   0.6340	  0.00935
   0.6350	  0.01404
   0.6360	  0.01158
   0.6370	  0.00525
   0.6380	  0.01305
   0.6390	  0.01700
   0.6400	  0.01946
   0.6410	  0.01727
   0.6420	  0.01910
   0.6430	  0.01451
   0.6440	  0.01095
   0.6450	  0.01402
   0.6460	  0.01406
   0.6470	  0.01252
   0.6480	  0.01614
   0.6490	  0.01106
   0.6500	  0.01663
   0.6510	  0.02254
   0.6520	  0.02158
   0.6530	  0.01688
   0.6540	  0.01637
   0.6550	  0.01780
   0.6560	  0.01406
   0.6570	  0.01214
   0.6580	  0.00741
   0.6590	  0.01080
   0.6600	  0.01223
   0.6610	  0.01334
   0.6620	  0.01141
   0.6630	  0.00916
   0.6640	  0.00389
   0.6650	  0.00530
   0.6660	  0.00618
   0.6670	  0.00958
   0.6680	  0.00827
   0.6690	  0.01486
   0.6700	  0.01692
   0.6710	  0.01976
   0.6720	  0.02025
   0.6730	  0.01421
   0.6740	  0.01542
   0.6750	  0.00962
   0.6760	  0.01278
   0.6770	  0.00930
   0.6780	  0.01413
   0.6790	  0.01517
   0.6800	  0.01061
   0.6810	  0.00939
   0.6820	  0.00604
   0.6830	  0.00948
   0.6840	  0.00873
   0.6850	  0.01590
   0.6860	  0.01291
   0.6870	  0.01431
   0.6880	  0.01299
   0.6890	  0.01099
   0.6900	  0.01032
   0.6910	  0.01191
   0.6920	  0.01610
   0.6930	  0.01084
   0.6940	  0.01258
   0.6950	  0.01647
   0.6960	  0.00923
   0.6970	  0.01203
   0.6980	  0.01560
   0.6990	  0.01594
   0.7000	  0.01269
   0.7010	  0.01024
   0.7020	  0.00860
   0.7030	  0.00678
   0.7040	  0.01022
   0.7050	  0.00625
   0.7060	  0.00735
   0.7070	  0.00866
   0.7080	  0.01227
   0.7090	  0.01196
   0.7100	  0.00845
   0.7110	  0.00832
   0.7120	  0.01506
   0.7130	  0.01441
   0.7140	  0.01985
   0.7150	  0.01595
   0.7160	  0.01829
   0.7170	  0.02451
   0.7180	  0.03007
   0.7190	  0.02247
   0.7200	  0.02080
   0.7210	  0.01418
   0.7220	  0.01336
   0.7230	  0.01662
   0.7240	  0.01895
   0.7250	  0.01986
   0.7260	  0.01830
   0.7270	  0.01882
   0.7280	  0.01750
   0.7290	  0.01556
   0.7300	  0.01367
   0.7310	  0.01420
   0.7320	  0.01313
   0.7330	  0.01657
   0.7340	  0.01070
   0.7350	  0.01041
   0.7360	  0.01236
   0.7370	  0.00744
   0.7380	  0.00593
   0.7390	  0.00880
   0.7400	  0.01061
   0.7410	  0.00857
   0.7420	  0.01083
   0.7430	  0.01043
   0.7440	  0.00742
   0.7450	  0.00753
   0.7460	  0.00883
   0.7470	  0.00684
   0.7480	  0.01227
   0.7490	  0.01070
   0.7500	  0.01411
   0.7510	  0.01328
   0.7520	  0.01797
   0.7530	  0.02101
   0.7540	  0.01697
   0.7550	  0.01264
   0.7560	  0.01081
   0.7570	  0.01267
   0.7580	  0.01149
   0.7590	  0.01355
   0.7600	  0.00850
   0.7610	  0.00906
   0.7620	  0.01370
   0.7630	  0.00978
   0.7640	  0.01011
   0.7650	  0.01049
   0.7660	  0.00735
   0.7670	  0.00906
   0.7680	  0.00853
   0.7690	  0.00869
   0.7700	  0.00959
   0.7710	  0.01014
   0.7720	  0.01134
   0.7730	  0.00878
   0.7740	  0.01028
   0.7750	  0.00800
   0.7760	  0.01656
   0.7770	  0.01295
   0.7780	  0.01099
   0.7790	  0.01472
   0.7800	  0.01532
   0.7810	  0.01881
   0.7820	  0.01961
   0.7830	  0.02491
   0.7840	  0.02245
   0.7850	  0.01908
   0.7860	  0.01355
   0.7870	  0.01711
   0.7880	  0.01426
   0.7890	  0.02148
   0.7900	  0.02279
   0.7910	  0.02353
   0.7920	  0.01775
   0.7930	  0.02509
   0.7940	  0.02517
   0.7950	  0.02780
   0.7960	  0.02256
   0.7970	  0.02504
   0.7980	  0.01591
   0.7990	  0.01953
   0.8000	  0.01788
   0.8010	  0.01641
   0.8020	  0.01441
   0.8030	  0.01417
   0.8040	  0.01353
   0.8050	  0.00751
   0.8060	  0.00978
   0.8070	  0.00819
   0.8080	  0.01244
   0.8090	  0.00809
   0.8100	  0.00841
   0.8110	  0.00864
   0.8120	  0.01262
   0.8130	  0.01173
   0.8140	  0.01440
   0.8150	  0.01370
   0.8160	  0.01438
   0.8170	  0.01117
   0.8180	  0.00839
   0.8190	  0.01161
   0.8200	  0.01872
   0.8210	  0.01337
   0.8220	  0.00846
   0.8230	  0.01084
   0.8240	  0.00993
   0.8250	  0.01537
   0.8260	  0.01241
   0.8270	  0.01646
   0.8280	  0.01682
   0.8290	  0.01746
   0.8300	  0.01334
   0.8310	  0.01046
   0.8320	  0.01457
   0.8330	  0.00980
   0.8340	  0.01306
   0.8350	  0.01250
   0.8360	  0.00578
   0.8370	  0.01125
   0.8380	  0.00800
   0.8390	  0.00444
   0.8400	  0.00404
   0.8410	  0.00214
   0.8420	  0.00378
   0.8430	  0.01088
   0.8440	  0.00494
   0.8450	  0.00508
   0.8460	  0.00432
   0.8470	  0.01022
   0.8480	  0.00457
   0.8490	  0.00525
   0.8500	  0.00664
   0.8510	  0.00977
   0.8520	  0.01153
   0.8530	  0.01051
   0.8540	  0.01033
   0.8550	  0.00590
   0.8560	  0.01211
   0.8570	  0.00542
   0.8580	  0.00848
   0.8590	  0.00915
   0.8600	  0.00639
   0.8610	  0.01013
   0.8620	  0.00724
   0.8630	  0.00235
   0.8640	  0.01707
   0.8650	  0.01277
   0.8660	  0.01135
   0.8670	  0.01186
   0.8680	  0.00735
   0.8690	  0.00532
   0.8700	  0.00633
   0.8710	  0.00624
   0.8720	  0.00422
   0.8730	  0.00225
   0.8740	  0.00837
   0.8750	  0.00911
   0.8760	  0.01238
   0.8770	  0.01111
   0.8780	  0.01151
   0.8790	  0.01068
   0.8800	  0.00279
   0.8810	  0.00938
   0.8820	  0.00262
   0.8830	  0.00738
   0.8840	  0.01165
   0.8850	  0.00830
   0.8860	  0.00944
   0.8870	  0.00832
   0.8880	  0.01023
   0.8890	  0.00819
   0.8900	  0.00622
   0.8910	  0.01005
   0.8920	  0.00853
   0.8930	  0.01058
   0.8940	  0.01039
   0.8950	  0.00273
   0.8960	  0.01509
   0.8970	  0.00621
   0.8980	  0.01026
   0.8990	  0.00666
   0.9000	  0.00512
   0.9010	  0.00742
   0.9020	  0.00759
   0.9030	  0.00925
   0.9040	  0.00742
   0.9050	  0.01436
   0.9060	  0.00496
   0.9070	  0.00536
   0.9080	  0.00474
   0.9090	  0.01063
   0.9100	  0.00447
   0.9110	  0.00760
   0.9120	  0.00884
   0.9130	  0.01060
   0.9140	  0.00943
   0.9150	  0.01212
   0.9160	  0.01264
   0.9170	  0.01460
   0.9180	  0.01152
   0.9190	  0.02467
   0.9200	  0.01759
   0.9210	  0.01357
   0.9220	  0.01719
   0.9230	  0.02057
   0.9240	  0.02096
   0.9250	  0.01837
   0.9260	  0.01483
   0.9270	  0.01120
   0.9280	  0.01476
   0.9290	  0.00489
   0.9300	  0.00781
   0.9310	  0.00859
   0.9320	  0.00723
   0.9330	  0.01396
   0.9340	  0.01568
   0.9350	  0.01128
   0.9360	  0.01014
   0.9370	  0.01090
   0.9380	  0.01174
   0.9390	  0.01715
   0.9400	  0.01241
   0.9410	  0.00773
   0.9420	  0.00783
   0.9430	  0.00757
   0.9440	  0.00647
   0.9450	  0.00632
   0.9460	  0.00638
   0.9470	  0.00725
   0.9480	  0.00849
   0.9490	  0.00971
   0.9500	  0.01177
   0.9510	  0.01146
   0.9520	  0.01183
   0.9530	  0.01019
   0.9540	  0.01312
   0.9550	  0.00650
   0.9560	  0.00833
   0.9570	  0.00782
   0.9580	  0.00697
   0.9590	  0.00447
   0.9600	  0.00499
   0.9610	  0.00527
   0.9620	  0.00945
   0.9630	  0.00481
   0.9640	  0.01335
   0.9650	  0.00751
   0.9660	  0.00473
   0.9670	  0.00581
   0.9680	  0.00942
   0.9690	  0.00414
   0.9700	  0.00357
   0.9710	  0.00323
   0.9720	  0.00221
   0.9730	 -0.00079
   0.9740	  0.00202
   0.9750	  0.00002
   0.9760	  0.00199
   0.9770	  0.00422
   0.9780	  0.00356
   0.9790	  0.00347
   0.9800	  0.00083
   0.9810	  0.00939
   0.9820	  0.00124
   0.9830	  0.00206
   0.9840	  0.00827
   0.9850	  0.01001
   0.9860	  0.00659
   0.9870	  0.00648
   0.9880	  0.00421
   0.9890	  0.00251
   0.9900	  0.00428
   0.9910	  0.00575
   0.9920	  0.00868
   0.9930	  0.00881
   0.9940	  0.01112
   0.9950	  0.01217
   0.9960	  0.01318
   0.9970	  0.01396
   0.9980	  0.01893
   0.9990	  0.01339
   1.0000	  0.01640
