## Jackknife output: chrom 10
## Bin(cM)	Covariance
   0.0010	  0.12995
   0.0020	  0.12996
   0.0030	  0.12461
   0.0040	  0.12647
   0.0050	  0.12464
   0.0060	  0.11464
   0.0070	  0.11290
   0.0080	  0.11275
   0.0090	  0.11849
   0.0100	  0.12034
   0.0110	  0.11002
   0.0120	  0.09908
   0.0130	  0.10842
   0.0140	  0.09929
   0.0150	  0.09226
   0.0160	  0.09225
   0.0170	  0.09091
   0.0180	  0.08968
   0.0190	  0.08943
   0.0200	  0.09058
   0.0210	  0.08949
   0.0220	  0.09366
   0.0230	  0.08762
   0.0240	  0.09974
   0.0250	  0.09286
   0.0260	  0.10689
   0.0270	  0.10073
   0.0280	  0.09142
   0.0290	  0.09253
   0.0300	  0.09025
   0.0310	  0.09214
   0.0320	  0.09523
   0.0330	  0.09525
   0.0340	  0.09077
   0.0350	  0.08603
   0.0360	  0.08736
   0.0370	  0.08641
   0.0380	  0.08835
   0.0390	  0.08274
   0.0400	  0.08730
   0.0410	  0.09468
   0.0420	  0.08973
   0.0430	  0.08624
   0.0440	  0.08754
   0.0450	  0.09060
   0.0460	  0.09882
   0.0470	  0.09189
   0.0480	  0.08561
   0.0490	  0.10213
   0.0500	  0.09617
   0.0510	  0.08603
   0.0520	  0.08485
   0.0530	  0.07968
   0.0540	  0.08055
   0.0550	  0.07820
   0.0560	  0.07524
   0.0570	  0.08120
   0.0580	  0.08579
   0.0590	  0.08718
   0.0600	  0.08654
   0.0610	  0.08539
   0.0620	  0.08165
   0.0630	  0.08594
   0.0640	  0.07913
   0.0650	  0.07959
   0.0660	  0.06403
   0.0670	  0.06522
   0.0680	  0.06432
   0.0690	  0.07569
   0.0700	  0.08438
   0.0710	  0.08263
   0.0720	  0.08419
   0.0730	  0.07960
   0.0740	  0.07320
   0.0750	  0.07682
   0.0760	  0.07667
   0.0770	  0.07139
   0.0780	  0.08399
   0.0790	  0.09533
   0.0800	  0.08973
   0.0810	  0.08993
   0.0820	  0.07786
   0.0830	  0.08188
   0.0840	  0.08390
   0.0850	  0.08702
   0.0860	  0.07467
   0.0870	  0.07107
   0.0880	  0.07262
   0.0890	  0.06405
   0.0900	  0.07525
   0.0910	  0.08205
   0.0920	  0.07486
   0.0930	  0.06751
   0.0940	  0.07335
   0.0950	  0.08163
   0.0960	  0.08210
   0.0970	  0.07031
   0.0980	  0.06323
   0.0990	  0.06162
   0.1000	  0.06770
   0.1010	  0.07145
   0.1020	  0.06320
   0.1030	  0.06726
   0.1040	  0.07988
   0.1050	  0.06889
   0.1060	  0.07080
   0.1070	  0.07469
   0.1080	  0.06822
   0.1090	  0.06900
   0.1100	  0.06913
   0.1110	  0.06773
   0.1120	  0.06522
   0.1130	  0.06367
   0.1140	  0.06447
   0.1150	  0.05714
   0.1160	  0.06369
   0.1170	  0.06190
   0.1180	  0.07136
   0.1190	  0.07400
   0.1200	  0.07772
   0.1210	  0.07870
   0.1220	  0.07564
   0.1230	  0.08467
   0.1240	  0.08235
   0.1250	  0.07327
   0.1260	  0.07556
   0.1270	  0.07760
   0.1280	  0.08143
   0.1290	  0.08419
   0.1300	  0.09639
   0.1310	  0.08903
   0.1320	  0.09589
   0.1330	  0.09771
   0.1340	  0.09777
   0.1350	  0.07868
   0.1360	  0.07446
   0.1370	  0.06133
   0.1380	  0.06369
   0.1390	  0.07090
   0.1400	  0.06818
   0.1410	  0.06771
   0.1420	  0.06715
   0.1430	  0.05840
   0.1440	  0.06262
   0.1450	  0.06769
   0.1460	  0.06025
   0.1470	  0.06127
   0.1480	  0.05357
   0.1490	  0.06849
   0.1500	  0.06163
   0.1510	  0.06286
   0.1520	  0.06547
   0.1530	  0.06034
   0.1540	  0.06170
   0.1550	  0.05622
   0.1560	  0.05351
   0.1570	  0.05662
   0.1580	  0.04818
   0.1590	  0.05019
   0.1600	  0.04882
   0.1610	  0.05321
   0.1620	  0.05447
   0.1630	  0.05513
   0.1640	  0.05824
   0.1650	  0.06289
   0.1660	  0.05932
   0.1670	  0.07305
   0.1680	  0.07015
   0.1690	  0.06481
   0.1700	  0.06325
   0.1710	  0.05599
   0.1720	  0.06116
   0.1730	  0.05972
   0.1740	  0.05787
   0.1750	  0.05240
   0.1760	  0.05916
   0.1770	  0.05435
   0.1780	  0.05829
   0.1790	  0.05523
   0.1800	  0.06510
   0.1810	  0.06445
   0.1820	  0.05431
   0.1830	  0.05677
   0.1840	  0.05083
   0.1850	  0.05888
   0.1860	  0.06064
   0.1870	  0.05885
   0.1880	  0.05362
   0.1890	  0.06338
   0.1900	  0.06761
   0.1910	  0.05720
   0.1920	  0.05246
   0.1930	  0.05426
   0.1940	  0.05257
   0.1950	  0.04812
   0.1960	  0.04623
   0.1970	  0.04364
   0.1980	  0.05372
   0.1990	  0.05519
   0.2000	  0.04657
   0.2010	  0.03974
   0.2020	  0.04997
   0.2030	  0.05137
   0.2040	  0.05151
   0.2050	  0.05255
   0.2060	  0.05755
   0.2070	  0.06327
   0.2080	  0.06781
   0.2090	  0.06284
   0.2100	  0.06790
   0.2110	  0.07916
   0.2120	  0.07939
   0.2130	  0.06386
   0.2140	  0.06255
   0.2150	  0.05751
   0.2160	  0.05346
   0.2170	  0.04594
   0.2180	  0.04424
   0.2190	  0.05009
   0.2200	  0.05534
   0.2210	  0.04428
   0.2220	  0.04750
   0.2230	  0.04869
   0.2240	  0.04668
   0.2250	  0.05239
   0.2260	  0.05039
   0.2270	  0.04589
   0.2280	  0.04782
   0.2290	  0.04093
   0.2300	  0.03867
   0.2310	  0.04268
   0.2320	  0.04142
   0.2330	  0.04231
   0.2340	  0.05195
   0.2350	  0.04964
   0.2360	  0.04820
   0.2370	  0.05221
   0.2380	  0.06108
   0.2390	  0.06047
   0.2400	  0.06474
   0.2410	  0.06351
   0.2420	  0.08068
   0.2430	  0.06112
   0.2440	  0.05575
   0.2450	  0.05191
   0.2460	  0.05318
   0.2470	  0.06375
   0.2480	  0.05766
   0.2490	  0.06003
   0.2500	  0.05152
   0.2510	  0.05545
   0.2520	  0.05850
   0.2530	  0.05368
   0.2540	  0.05204
   0.2550	  0.04153
   0.2560	  0.03744
   0.2570	  0.04185
   0.2580	  0.04143
   0.2590	  0.04226
   0.2600	  0.03899
   0.2610	  0.04187
   0.2620	  0.03587
   0.2630	  0.03462
   0.2640	  0.03108
   0.2650	  0.03582
   0.2660	  0.03040
   0.2670	  0.03071
   0.2680	  0.03471
   0.2690	  0.03323
   0.2700	  0.03878
   0.2710	  0.03541
   0.2720	  0.03728
   0.2730	  0.02833
   0.2740	  0.03726
   0.2750	  0.04083
   0.2760	  0.04756
   0.2770	  0.03984
   0.2780	  0.04880
   0.2790	  0.04864
   0.2800	  0.05170
   0.2810	  0.04426
   0.2820	  0.04538
   0.2830	  0.04573
   0.2840	  0.05703
   0.2850	  0.05902
   0.2860	  0.04927
   0.2870	  0.04091
   0.2880	  0.04483
   0.2890	  0.04839
   0.2900	  0.04621
   0.2910	  0.03756
   0.2920	  0.04067
   0.2930	  0.03441
   0.2940	  0.02998
   0.2950	  0.03569
   0.2960	  0.03075
   0.2970	  0.03308
   0.2980	  0.03929
   0.2990	  0.03439
   0.3000	  0.03020
   0.3010	  0.03926
   0.3020	  0.03659
   0.3030	  0.03637
   0.3040	  0.03060
   0.3050	  0.03382
   0.3060	  0.03978
   0.3070	  0.03728
   0.3080	  0.03247
   0.3090	  0.02932
   0.3100	  0.04289
   0.3110	  0.04341
   0.3120	  0.03422
   0.3130	  0.03843
   0.3140	  0.03294
   0.3150	  0.03575
   0.3160	  0.04014
   0.3170	  0.03911
   0.3180	  0.04765
   0.3190	  0.05207
   0.3200	  0.05367
   0.3210	  0.06456
   0.3220	  0.07322
   0.3230	  0.06056
   0.3240	  0.05289
   0.3250	  0.06087
   0.3260	  0.05874
   0.3270	  0.05118
   0.3280	  0.04645
   0.3290	  0.04803
   0.3300	  0.04708
   0.3310	  0.03551
   0.3320	  0.04949
   0.3330	  0.04072
   0.3340	  0.03350
   0.3350	  0.03273
   0.3360	  0.03096
   0.3370	  0.03321
   0.3380	  0.02949
   0.3390	  0.02745
   0.3400	  0.03337
   0.3410	  0.03078
   0.3420	  0.02819
   0.3430	  0.02318
   0.3440	  0.02730
   0.3450	  0.03005
   0.3460	  0.03969
   0.3470	  0.02734
   0.3480	  0.02554
   0.3490	  0.03270
   0.3500	  0.03216
   0.3510	  0.02805
   0.3520	  0.03290
   0.3530	  0.03224
   0.3540	  0.03577
   0.3550	  0.03348
   0.3560	  0.03102
   0.3570	  0.03090
   0.3580	  0.02713
   0.3590	  0.02823
   0.3600	  0.02578
   0.3610	  0.02437
   0.3620	  0.02770
   0.3630	  0.02891
   0.3640	  0.02813
   0.3650	  0.03359
   0.3660	  0.03075
   0.3670	  0.02750
   0.3680	  0.02893
   0.3690	  0.03033
   0.3700	  0.03224
   0.3710	  0.04102
   0.3720	  0.02983
   0.3730	  0.03498
   0.3740	  0.03042
   0.3750	  0.03175
   0.3760	  0.03633
   0.3770	  0.03442
   0.3780	  0.03976
   0.3790	  0.04074
   0.3800	  0.03290
   0.3810	  0.03493
   0.3820	  0.03353
   0.3830	  0.03527
   0.3840	  0.04161
   0.3850	  0.03742
   0.3860	  0.03607
   0.3870	  0.03668
   0.3880	  0.03793
   0.3890	  0.03187
   0.3900	  0.02812
   0.3910	  0.03434
   0.3920	  0.03677
   0.3930	  0.02628
   0.3940	  0.02431
   0.3950	  0.02970
   0.3960	  0.03145
   0.3970	  0.03490
   0.3980	  0.03532
   0.3990	  0.04506
   0.4000	  0.03642
   0.4010	  0.04164
   0.4020	  0.03419
   0.4030	  0.03143
   0.4040	  0.03138
   0.4050	  0.02976
   0.4060	  0.02776
   0.4070	  0.02614
   0.4080	  0.03323
   0.4090	  0.03022
   0.4100	  0.03017
   0.4110	  0.02725
   0.4120	  0.02800
   0.4130	  0.02160
   0.4140	  0.02284
   0.4150	  0.02833
   0.4160	  0.02596
   0.4170	  0.01866
   0.4180	  0.01876
   0.4190	  0.01967
   0.4200	  0.02194
   0.4210	  0.02536
   0.4220	  0.02418
   0.4230	  0.02558
   0.4240	  0.03566
   0.4250	  0.03027
   0.4260	  0.02359
   0.4270	  0.02980
   0.4280	  0.02914
   0.4290	  0.03003
   0.4300	  0.03210
   0.4310	  0.03740
   0.4320	  0.03976
   0.4330	  0.04178
   0.4340	  0.03784
   0.4350	  0.04201
   0.4360	  0.03638
   0.4370	  0.03417
   0.4380	  0.03001
   0.4390	  0.02824
   0.4400	  0.02701
   0.4410	  0.02907
   0.4420	  0.02589
   0.4430	  0.02486
   0.4440	  0.02526
   0.4450	  0.02477
   0.4460	  0.02969
   0.4470	  0.03065
   0.4480	  0.03117
   0.4490	  0.02685
   0.4500	  0.03130
   0.4510	  0.03164
   0.4520	  0.03065
   0.4530	  0.02811
   0.4540	  0.02331
   0.4550	  0.02409
   0.4560	  0.03442
   0.4570	  0.03546
   0.4580	  0.02183
   0.4590	  0.02542
   0.4600	  0.02910
   0.4610	  0.03344
   0.4620	  0.02500
   0.4630	  0.02204
   0.4640	  0.02347
   0.4650	  0.02488
   0.4660	  0.02567
   0.4670	  0.02322
   0.4680	  0.02563
   0.4690	  0.02553
   0.4700	  0.03021
   0.4710	  0.02934
   0.4720	  0.03289
   0.4730	  0.02927
   0.4740	  0.03304
   0.4750	  0.02577
   0.4760	  0.02194
   0.4770	  0.02078
   0.4780	  0.02380
   0.4790	  0.01920
   0.4800	  0.02313
   0.4810	  0.02201
   0.4820	  0.02248
   0.4830	  0.02465
   0.4840	  0.02289
   0.4850	  0.02701
   0.4860	  0.02705
   0.4870	  0.02431
   0.4880	  0.02230
   0.4890	  0.02521
   0.4900	  0.01926
   0.4910	  0.02811
   0.4920	  0.02416
   0.4930	  0.01927
   0.4940	  0.02019
   0.4950	  0.01852
   0.4960	  0.01365
   0.4970	  0.01662
   0.4980	  0.01475
   0.4990	  0.00956
   0.5000	  0.01562
   0.5010	  0.01890
   0.5020	  0.02046
   0.5030	  0.01937
   0.5040	  0.02029
   0.5050	  0.02118
   0.5060	  0.02349
   0.5070	  0.02965
   0.5080	  0.02188
   0.5090	  0.01889
   0.5100	  0.01971
   0.5110	  0.02079
   0.5120	  0.01976
   0.5130	  0.02060
   0.5140	  0.02384
   0.5150	  0.02896
   0.5160	  0.02778
   0.5170	  0.01737
   0.5180	  0.02190
   0.5190	  0.02103
   0.5200	  0.01782
   0.5210	  0.02140
   0.5220	  0.01933
   0.5230	  0.01891
   0.5240	  0.02026
   0.5250	  0.01612
   0.5260	  0.01670
   0.5270	  0.01582
   0.5280	  0.01425
   0.5290	  0.01857
   0.5300	  0.01975
   0.5310	  0.03053
   0.5320	  0.03456
   0.5330	  0.02509
   0.5340	  0.02783
   0.5350	  0.02381
   0.5360	  0.02209
   0.5370	  0.02052
   0.5380	  0.01890
   0.5390	  0.01641
   0.5400	  0.02127
   0.5410	  0.02001
   0.5420	  0.02010
   0.5430	  0.01639
   0.5440	  0.01959
   0.5450	  0.01674
   0.5460	  0.01230
   0.5470	  0.01610
   0.5480	  0.01169
   0.5490	  0.00832
   0.5500	  0.00929
   0.5510	  0.00876
   0.5520	  0.00801
   0.5530	  0.01282
   0.5540	  0.01080
   0.5550	  0.01689
   0.5560	  0.01337
   0.5570	  0.01428
   0.5580	  0.01189
   0.5590	  0.01335
   0.5600	  0.01748
   0.5610	  0.01110
   0.5620	  0.01010
   0.5630	  0.01039
   0.5640	  0.01041
   0.5650	  0.01114
   0.5660	  0.01411
   0.5670	  0.01844
   0.5680	  0.01659
   0.5690	  0.01947
   0.5700	  0.02355
   0.5710	  0.02160
   0.5720	  0.02102
   0.5730	  0.02285
   0.5740	  0.02567
   0.5750	  0.01897
   0.5760	  0.02061
   0.5770	  0.01915
   0.5780	  0.01308
   0.5790	  0.01697
   0.5800	  0.01770
   0.5810	  0.01187
   0.5820	  0.00772
   0.5830	  0.01055
   0.5840	  0.01160
   0.5850	  0.01046
   0.5860	  0.01246
   0.5870	  0.01421
   0.5880	  0.01532
   0.5890	  0.01221
   0.5900	  0.02124
   0.5910	  0.01887
   0.5920	  0.01280
   0.5930	  0.02264
   0.5940	  0.01843
   0.5950	  0.01145
   0.5960	  0.01151
   0.5970	  0.01083
   0.5980	  0.01149
   0.5990	  0.00429
   0.6000	  0.00608
   0.6010	  0.00600
   0.6020	  0.00764
   0.6030	  0.00992
   0.6040	  0.00944
   0.6050	  0.00887
   0.6060	  0.00558
   0.6070	  0.00993
   0.6080	  0.01441
   0.6090	  0.01471
   0.6100	  0.01689
   0.6110	  0.01973
   0.6120	  0.01543
   0.6130	  0.01428
   0.6140	  0.01827
   0.6150	  0.01928
   0.6160	  0.02160
   0.6170	  0.01949
   0.6180	  0.01526
   0.6190	  0.01485
   0.6200	  0.01348
   0.6210	  0.01052
   0.6220	  0.01008
   0.6230	  0.01115
   0.6240	  0.01275
   0.6250	  0.01174
   0.6260	  0.01017
   0.6270	  0.01404
   0.6280	  0.01102
   0.6290	  0.00910
   0.6300	  0.01024
   0.6310	  0.00962
   0.6320	  0.00785
   0.6330	  0.00570
   0.6340	  0.00917
   0.6350	  0.01453
   0.6360	  0.01156
   0.6370	  0.00501
   0.6380	  0.01332
   0.6390	  0.01724
   0.6400	  0.01909
   0.6410	  0.01642
   0.6420	  0.01870
   0.6430	  0.01479
   0.6440	  0.01073
   0.6450	  0.01444
   0.6460	  0.01364
   0.6470	  0.01254
   0.6480	  0.01623
   0.6490	  0.01091
   0.6500	  0.01671
   0.6510	  0.02260
   0.6520	  0.02170
   0.6530	  0.01684
   0.6540	  0.01644
   0.6550	  0.01717
   0.6560	  0.01422
   0.6570	  0.01150
   0.6580	  0.00710
   0.6590	  0.01036
   0.6600	  0.01125
   0.6610	  0.01262
   0.6620	  0.01086
   0.6630	  0.00808
   0.6640	  0.00328
   0.6650	  0.00482
   0.6660	  0.00562
   0.6670	  0.00946
   0.6680	  0.00851
   0.6690	  0.01553
   0.6700	  0.01716
   0.6710	  0.02027
   0.6720	  0.02096
   0.6730	  0.01475
   0.6740	  0.01637
   0.6750	  0.01024
   0.6760	  0.01281
   0.6770	  0.00947
   0.6780	  0.01459
   0.6790	  0.01516
   0.6800	  0.01046
   0.6810	  0.00943
   0.6820	  0.00615
   0.6830	  0.00968
   0.6840	  0.00880
   0.6850	  0.01589
   0.6860	  0.01283
   0.6870	  0.01439
   0.6880	  0.01284
   0.6890	  0.01047
   0.6900	  0.00912
   0.6910	  0.01232
   0.6920	  0.01607
   0.6930	  0.01072
   0.6940	  0.01212
   0.6950	  0.01621
   0.6960	  0.00862
   0.6970	  0.01193
   0.6980	  0.01574
   0.6990	  0.01606
   0.7000	  0.01267
   0.7010	  0.01055
   0.7020	  0.00875
   0.7030	  0.00703
   0.7040	  0.01069
   0.7050	  0.00654
   0.7060	  0.00793
   0.7070	  0.00907
   0.7080	  0.01255
   0.7090	  0.01229
   0.7100	  0.00866
   0.7110	  0.00841
   0.7120	  0.01425
   0.7130	  0.01379
   0.7140	  0.02001
   0.7150	  0.01644
   0.7160	  0.01923
   0.7170	  0.02506
   0.7180	  0.03081
   0.7190	  0.02249
   0.7200	  0.02107
   0.7210	  0.01444
   0.7220	  0.01293
   0.7230	  0.01678
   0.7240	  0.01880
   0.7250	  0.01883
   0.7260	  0.01681
   0.7270	  0.01872
   0.7280	  0.01784
   0.7290	  0.01569
   0.7300	  0.01360
   0.7310	  0.01464
   0.7320	  0.01223
   0.7330	  0.01449
   0.7340	  0.01039
   0.7350	  0.01035
   0.7360	  0.01288
   0.7370	  0.00742
   0.7380	  0.00533
   0.7390	  0.00887
   0.7400	  0.01044
   0.7410	  0.00870
   0.7420	  0.01048
   0.7430	  0.01037
   0.7440	  0.00696
   0.7450	  0.00740
   0.7460	  0.00891
   0.7470	  0.00728
   0.7480	  0.01270
   0.7490	  0.01087
   0.7500	  0.01410
   0.7510	  0.01359
   0.7520	  0.01816
   0.7530	  0.02183
   0.7540	  0.01765
   0.7550	  0.01327
   0.7560	  0.01141
   0.7570	  0.01345
   0.7580	  0.01426
   0.7590	  0.01398
   0.7600	  0.01252
   0.7610	  0.00988
   0.7620	  0.01119
   0.7630	  0.00969
   0.7640	  0.01014
   0.7650	  0.01052
   0.7660	  0.00874
   0.7670	  0.00961
   0.7680	  0.00913
   0.7690	  0.01100
   0.7700	  0.00748
   0.7710	  0.01034
   0.7720	  0.01192
   0.7730	  0.00991
   0.7740	  0.01099
   0.7750	  0.00863
   0.7760	  0.01721
   0.7770	  0.01378
   0.7780	  0.01155
   0.7790	  0.01509
   0.7800	  0.01682
   0.7810	  0.01987
   0.7820	  0.01986
   0.7830	  0.02469
   0.7840	  0.02570
   0.7850	  0.02371
   0.7860	  0.01141
   0.7870	  0.01724
   0.7880	  0.01480
   0.7890	  0.02191
   0.7900	  0.02340
   0.7910	  0.02363
   0.7920	  0.01605
   0.7930	  0.02485
   0.7940	  0.02612
   0.7950	  0.02916
   0.7960	  0.02343
   0.7970	  0.02522
   0.7980	  0.01584
   0.7990	  0.02008
   0.8000	  0.01809
   0.8010	  0.01702
   0.8020	  0.01466
   0.8030	  0.01427
   0.8040	  0.01332
   0.8050	  0.00754
   0.8060	  0.00936
   0.8070	  0.00838
   0.8080	  0.01266
   0.8090	  0.00835
   0.8100	  0.00831
   0.8110	  0.00836
   0.8120	  0.01259
   0.8130	  0.01168
   0.8140	  0.01476
   0.8150	  0.01401
   0.8160	  0.01456
   0.8170	  0.01120
   0.8180	  0.00789
   0.8190	  0.01163
   0.8200	  0.01875
   0.8210	  0.01325
   0.8220	  0.00855
   0.8230	  0.01158
   0.8240	  0.01071
   0.8250	  0.01471
   0.8260	  0.01275
   0.8270	  0.01611
   0.8280	  0.01639
   0.8290	  0.01736
   0.8300	  0.01299
   0.8310	  0.01094
   0.8320	  0.01455
   0.8330	  0.00968
   0.8340	  0.01332
   0.8350	  0.01308
   0.8360	  0.00582
   0.8370	  0.01097
   0.8380	  0.00830
   0.8390	  0.00430
   0.8400	  0.00413
   0.8410	  0.00241
   0.8420	  0.00361
   0.8430	  0.01108
   0.8440	  0.00512
   0.8450	  0.00477
   0.8460	  0.00442
   0.8470	  0.01040
   0.8480	  0.00396
   0.8490	  0.00495
   0.8500	  0.00608
   0.8510	  0.01001
   0.8520	  0.01111
   0.8530	  0.01038
   0.8540	  0.01185
   0.8550	  0.00993
   0.8560	  0.01108
   0.8570	  0.00529
   0.8580	  0.00799
   0.8590	  0.00893
   0.8600	  0.00635
   0.8610	  0.01063
   0.8620	  0.00795
   0.8630	  0.00485
   0.8640	  0.01591
   0.8650	  0.01280
   0.8660	  0.01526
   0.8670	  0.01119
   0.8680	  0.00663
   0.8690	  0.00498
   0.8700	  0.00563
   0.8710	  0.00518
   0.8720	  0.00301
   0.8730	  0.00138
   0.8740	  0.00776
   0.8750	  0.00799
   0.8760	  0.01200
   0.8770	  0.01122
   0.8780	  0.01074
   0.8790	  0.01021
   0.8800	  0.00246
   0.8810	  0.00883
   0.8820	  0.00244
   0.8830	  0.00765
   0.8840	  0.01112
   0.8850	  0.00832
   0.8860	  0.00989
   0.8870	  0.00792
   0.8880	  0.00965
   0.8890	  0.00830
   0.8900	  0.00601
   0.8910	  0.01014
   0.8920	  0.00859
   0.8930	  0.01067
   0.8940	  0.01181
   0.8950	  0.00729
   0.8960	  0.01141
   0.8970	  0.00764
   0.8980	  0.01310
   0.8990	  0.00505
   0.9000	  0.00461
   0.9010	  0.00761
   0.9020	  0.00772
   0.9030	  0.00825
   0.9040	  0.00718
   0.9050	  0.01416
   0.9060	  0.00544
   0.9070	  0.00707
   0.9080	  0.00455
   0.9090	  0.01028
   0.9100	  0.00457
   0.9110	  0.00845
   0.9120	  0.00955
   0.9130	  0.01111
   0.9140	  0.01004
   0.9150	  0.01260
   0.9160	  0.01314
   0.9170	  0.01620
   0.9180	  0.01369
   0.9190	  0.02254
   0.9200	  0.01749
   0.9210	  0.01323
   0.9220	  0.01732
   0.9230	  0.02093
   0.9240	  0.02199
   0.9250	  0.01894
   0.9260	  0.01482
   0.9270	  0.01089
   0.9280	  0.01491
   0.9290	  0.00551
   0.9300	  0.00837
   0.9310	  0.00872
   0.9320	  0.00709
   0.9330	  0.01358
   0.9340	  0.01552
   0.9350	  0.00982
   0.9360	  0.00935
   0.9370	  0.01002
   0.9380	  0.01151
   0.9390	  0.01677
   0.9400	  0.01206
   0.9410	  0.00746
   0.9420	  0.00751
   0.9430	  0.00732
   0.9440	  0.00629
   0.9450	  0.00580
   0.9460	  0.00583
   0.9470	  0.00753
   0.9480	  0.00856
   0.9490	  0.01038
   0.9500	  0.01224
   0.9510	  0.01080
   0.9520	  0.01075
   0.9530	  0.00970
   0.9540	  0.01352
   0.9550	  0.00629
   0.9560	  0.00826
   0.9570	  0.00733
   0.9580	  0.00476
   0.9590	  0.00320
   0.9600	  0.00468
   0.9610	  0.00538
   0.9620	  0.00924
   0.9630	  0.00470
   0.9640	  0.01304
   0.9650	  0.00757
   0.9660	  0.00482
   0.9670	  0.00579
   0.9680	  0.00775
   0.9690	  0.00326
   0.9700	  0.00287
   0.9710	  0.00191
   0.9720	 -0.00012
   0.9730	 -0.00104
   0.9740	  0.00146
   0.9750	 -0.00063
   0.9760	  0.00114
   0.9770	  0.00348
   0.9780	  0.00294
   0.9790	  0.00522
   0.9800	  0.00204
   0.9810	  0.00358
   0.9820	 -0.00098
   0.9830	  0.00126
   0.9840	  0.00734
   0.9850	  0.00908
   0.9860	  0.00596
   0.9870	  0.00554
   0.9880	  0.00317
   0.9890	  0.00198
   0.9900	  0.00331
   0.9910	  0.00479
   0.9920	  0.00738
   0.9930	  0.00858
   0.9940	  0.01127
   0.9950	  0.01163
   0.9960	  0.01366
   0.9970	  0.01333
   0.9980	  0.01913
   0.9990	  0.01553
   1.0000	  0.01423
