## Bin(cM)	Covariance
   0.0010	  0.06429
   0.0020	  0.11452
   0.0030	  0.12307
   0.0040	  0.12381
   0.0050	  0.12237
   0.0060	  0.11344
   0.0070	  0.11252
   0.0080	  0.11160
   0.0090	  0.11761
   0.0100	  0.11796
   0.0110	  0.10977
   0.0120	  0.09864
   0.0130	  0.10912
   0.0140	  0.10046
   0.0150	  0.09310
   0.0160	  0.09340
   0.0170	  0.09182
   0.0180	  0.09050
   0.0190	  0.08929
   0.0200	  0.09030
   0.0210	  0.08909
   0.0220	  0.09324
   0.0230	  0.08760
   0.0240	  0.09792
   0.0250	  0.09375
   0.0260	  0.10747
   0.0270	  0.10093
   0.0280	  0.09065
   0.0290	  0.09201
   0.0300	  0.08841
   0.0310	  0.09084
   0.0320	  0.09337
   0.0330	  0.09358
   0.0340	  0.08910
   0.0350	  0.08467
   0.0360	  0.08892
   0.0370	  0.08529
   0.0380	  0.08853
   0.0390	  0.08451
   0.0400	  0.08910
   0.0410	  0.09706
   0.0420	  0.09008
   0.0430	  0.08572
   0.0440	  0.08673
   0.0450	  0.09015
   0.0460	  0.09864
   0.0470	  0.09228
   0.0480	  0.08522
   0.0490	  0.10066
   0.0500	  0.09352
   0.0510	  0.08177
   0.0520	  0.08453
   0.0530	  0.07893
   0.0540	  0.07977
   0.0550	  0.07832
   0.0560	  0.07475
   0.0570	  0.07923
   0.0580	  0.08394
   0.0590	  0.08533
   0.0600	  0.08506
   0.0610	  0.08338
   0.0620	  0.07966
   0.0630	  0.08368
   0.0640	  0.07674
   0.0650	  0.07884
   0.0660	  0.06370
   0.0670	  0.06268
   0.0680	  0.06039
   0.0690	  0.07136
   0.0700	  0.07981
   0.0710	  0.07977
   0.0720	  0.08211
   0.0730	  0.07742
   0.0740	  0.07204
   0.0750	  0.07525
   0.0760	  0.07478
   0.0770	  0.06896
   0.0780	  0.08147
   0.0790	  0.09192
   0.0800	  0.08693
   0.0810	  0.08826
   0.0820	  0.07646
   0.0830	  0.08000
   0.0840	  0.08124
   0.0850	  0.08448
   0.0860	  0.07325
   0.0870	  0.06865
   0.0880	  0.06987
   0.0890	  0.06221
   0.0900	  0.07270
   0.0910	  0.07955
   0.0920	  0.07142
   0.0930	  0.06164
   0.0940	  0.07015
   0.0950	  0.07903
   0.0960	  0.07990
   0.0970	  0.06828
   0.0980	  0.06162
   0.0990	  0.05940
   0.1000	  0.06644
   0.1010	  0.06912
   0.1020	  0.06130
   0.1030	  0.06490
   0.1040	  0.07732
   0.1050	  0.06564
   0.1060	  0.06849
   0.1070	  0.07178
   0.1080	  0.06364
   0.1090	  0.06486
   0.1100	  0.06527
   0.1110	  0.06488
   0.1120	  0.06353
   0.1130	  0.06236
   0.1140	  0.06231
   0.1150	  0.05555
   0.1160	  0.06272
   0.1170	  0.06082
   0.1180	  0.07033
   0.1190	  0.07201
   0.1200	  0.07644
   0.1210	  0.07643
   0.1220	  0.07398
   0.1230	  0.08221
   0.1240	  0.07912
   0.1250	  0.07072
   0.1260	  0.07444
   0.1270	  0.07539
   0.1280	  0.07922
   0.1290	  0.08203
   0.1300	  0.09206
   0.1310	  0.08659
   0.1320	  0.09272
   0.1330	  0.09444
   0.1340	  0.09404
   0.1350	  0.07560
   0.1360	  0.07245
   0.1370	  0.06020
   0.1380	  0.06178
   0.1390	  0.06882
   0.1400	  0.06619
   0.1410	  0.06529
   0.1420	  0.06577
   0.1430	  0.05787
   0.1440	  0.06123
   0.1450	  0.06675
   0.1460	  0.05868
   0.1470	  0.06122
   0.1480	  0.05224
   0.1490	  0.06656
   0.1500	  0.05995
   0.1510	  0.06149
   0.1520	  0.06391
   0.1530	  0.06019
   0.1540	  0.06166
   0.1550	  0.05569
   0.1560	  0.05297
   0.1570	  0.05545
   0.1580	  0.04672
   0.1590	  0.04966
   0.1600	  0.04759
   0.1610	  0.05247
   0.1620	  0.05233
   0.1630	  0.05256
   0.1640	  0.05576
   0.1650	  0.05974
   0.1660	  0.05701
   0.1670	  0.06996
   0.1680	  0.06665
   0.1690	  0.06238
   0.1700	  0.06223
   0.1710	  0.05575
   0.1720	  0.06028
   0.1730	  0.05827
   0.1740	  0.05752
   0.1750	  0.05237
   0.1760	  0.05732
   0.1770	  0.05209
   0.1780	  0.05617
   0.1790	  0.05364
   0.1800	  0.06268
   0.1810	  0.06288
   0.1820	  0.05203
   0.1830	  0.05403
   0.1840	  0.04854
   0.1850	  0.05646
   0.1860	  0.05864
   0.1870	  0.05610
   0.1880	  0.05250
   0.1890	  0.05803
   0.1900	  0.06175
   0.1910	  0.05299
   0.1920	  0.04884
   0.1930	  0.05242
   0.1940	  0.04973
   0.1950	  0.04681
   0.1960	  0.04436
   0.1970	  0.04065
   0.1980	  0.05033
   0.1990	  0.05255
   0.2000	  0.04437
   0.2010	  0.03721
   0.2020	  0.04752
   0.2030	  0.04884
   0.2040	  0.04910
   0.2050	  0.05031
   0.2060	  0.05534
   0.2070	  0.06126
   0.2080	  0.06527
   0.2090	  0.06036
   0.2100	  0.06507
   0.2110	  0.07600
   0.2120	  0.07679
   0.2130	  0.06173
   0.2140	  0.06106
   0.2150	  0.05527
   0.2160	  0.05181
   0.2170	  0.04472
   0.2180	  0.04333
   0.2190	  0.04891
   0.2200	  0.05410
   0.2210	  0.04348
   0.2220	  0.04550
   0.2230	  0.04630
   0.2240	  0.04454
   0.2250	  0.05039
   0.2260	  0.04838
   0.2270	  0.04435
   0.2280	  0.04582
   0.2290	  0.03938
   0.2300	  0.03658
   0.2310	  0.04108
   0.2320	  0.03966
   0.2330	  0.04059
   0.2340	  0.04967
   0.2350	  0.04746
   0.2360	  0.04592
   0.2370	  0.04946
   0.2380	  0.05803
   0.2390	  0.05711
   0.2400	  0.06167
   0.2410	  0.06019
   0.2420	  0.07602
   0.2430	  0.05776
   0.2440	  0.05283
   0.2450	  0.04887
   0.2460	  0.05035
   0.2470	  0.06045
   0.2480	  0.05523
   0.2490	  0.05734
   0.2500	  0.04979
   0.2510	  0.05290
   0.2520	  0.05629
   0.2530	  0.05127
   0.2540	  0.05019
   0.2550	  0.03976
   0.2560	  0.03587
   0.2570	  0.04081
   0.2580	  0.03944
   0.2590	  0.04042
   0.2600	  0.03697
   0.2610	  0.04038
   0.2620	  0.03393
   0.2630	  0.03181
   0.2640	  0.02984
   0.2650	  0.03387
   0.2660	  0.02846
   0.2670	  0.02899
   0.2680	  0.03331
   0.2690	  0.03211
   0.2700	  0.03672
   0.2710	  0.03365
   0.2720	  0.03567
   0.2730	  0.02682
   0.2740	  0.03526
   0.2750	  0.03936
   0.2760	  0.04516
   0.2770	  0.03821
   0.2780	  0.04625
   0.2790	  0.04670
   0.2800	  0.05016
   0.2810	  0.04256
   0.2820	  0.04433
   0.2830	  0.04432
   0.2840	  0.05551
   0.2850	  0.05660
   0.2860	  0.04782
   0.2870	  0.03991
   0.2880	  0.04351
   0.2890	  0.04724
   0.2900	  0.04482
   0.2910	  0.03657
   0.2920	  0.03965
   0.2930	  0.03428
   0.2940	  0.02856
   0.2950	  0.03412
   0.2960	  0.02964
   0.2970	  0.03203
   0.2980	  0.03940
   0.2990	  0.03412
   0.3000	  0.02899
   0.3010	  0.03763
   0.3020	  0.03504
   0.3030	  0.03560
   0.3040	  0.02992
   0.3050	  0.03295
   0.3060	  0.03848
   0.3070	  0.03592
   0.3080	  0.03154
   0.3090	  0.02912
   0.3100	  0.04155
   0.3110	  0.04213
   0.3120	  0.03312
   0.3130	  0.03695
   0.3140	  0.03203
   0.3150	  0.03552
   0.3160	  0.03899
   0.3170	  0.03948
   0.3180	  0.04595
   0.3190	  0.05016
   0.3200	  0.05217
   0.3210	  0.06194
   0.3220	  0.07132
   0.3230	  0.06133
   0.3240	  0.05263
   0.3250	  0.05946
   0.3260	  0.05733
   0.3270	  0.04865
   0.3280	  0.04453
   0.3290	  0.04619
   0.3300	  0.04450
   0.3310	  0.03470
   0.3320	  0.04770
   0.3330	  0.03989
   0.3340	  0.03323
   0.3350	  0.03208
   0.3360	  0.03053
   0.3370	  0.03229
   0.3380	  0.02957
   0.3390	  0.02774
   0.3400	  0.03352
   0.3410	  0.03086
   0.3420	  0.02832
   0.3430	  0.02362
   0.3440	  0.02805
   0.3450	  0.02987
   0.3460	  0.03924
   0.3470	  0.02706
   0.3480	  0.02520
   0.3490	  0.03267
   0.3500	  0.03155
   0.3510	  0.02713
   0.3520	  0.03157
   0.3530	  0.03112
   0.3540	  0.03480
   0.3550	  0.03240
   0.3560	  0.03068
   0.3570	  0.03051
   0.3580	  0.02718
   0.3590	  0.02793
   0.3600	  0.02545
   0.3610	  0.02657
   0.3620	  0.02984
   0.3630	  0.03152
   0.3640	  0.02998
   0.3650	  0.03358
   0.3660	  0.02970
   0.3670	  0.02640
   0.3680	  0.02836
   0.3690	  0.03200
   0.3700	  0.03382
   0.3710	  0.04019
   0.3720	  0.02913
   0.3730	  0.03381
   0.3740	  0.03043
   0.3750	  0.03106
   0.3760	  0.03571
   0.3770	  0.03369
   0.3780	  0.03899
   0.3790	  0.04004
   0.3800	  0.03220
   0.3810	  0.03560
   0.3820	  0.03396
   0.3830	  0.03469
   0.3840	  0.04058
   0.3850	  0.03605
   0.3860	  0.03581
   0.3870	  0.03577
   0.3880	  0.03806
   0.3890	  0.03281
   0.3900	  0.02795
   0.3910	  0.03369
   0.3920	  0.03647
   0.3930	  0.02609
   0.3940	  0.02422
   0.3950	  0.03062
   0.3960	  0.03223
   0.3970	  0.03561
   0.3980	  0.03447
   0.3990	  0.04610
   0.4000	  0.03667
   0.4010	  0.04435
   0.4020	  0.03810
   0.4030	  0.03493
   0.4040	  0.03270
   0.4050	  0.03130
   0.4060	  0.02797
   0.4070	  0.02643
   0.4080	  0.03548
   0.4090	  0.03242
   0.4100	  0.03102
   0.4110	  0.02713
   0.4120	  0.02940
   0.4130	  0.02227
   0.4140	  0.02285
   0.4150	  0.02751
   0.4160	  0.02803
   0.4170	  0.01987
   0.4180	  0.02019
   0.4190	  0.01964
   0.4200	  0.02099
   0.4210	  0.02491
   0.4220	  0.02407
   0.4230	  0.02472
   0.4240	  0.03570
   0.4250	  0.02857
   0.4260	  0.02372
   0.4270	  0.03008
   0.4280	  0.02926
   0.4290	  0.03097
   0.4300	  0.03142
   0.4310	  0.03652
   0.4320	  0.03875
   0.4330	  0.04090
   0.4340	  0.03745
   0.4350	  0.04334
   0.4360	  0.03568
   0.4370	  0.03346
   0.4380	  0.02892
   0.4390	  0.02784
   0.4400	  0.02638
   0.4410	  0.02824
   0.4420	  0.02560
   0.4430	  0.02393
   0.4440	  0.02463
   0.4450	  0.02460
   0.4460	  0.02970
   0.4470	  0.03042
   0.4480	  0.03088
   0.4490	  0.02651
   0.4500	  0.03112
   0.4510	  0.03130
   0.4520	  0.03017
   0.4530	  0.02812
   0.4540	  0.02335
   0.4550	  0.02400
   0.4560	  0.03316
   0.4570	  0.03497
   0.4580	  0.02181
   0.4590	  0.02507
   0.4600	  0.02891
   0.4610	  0.03265
   0.4620	  0.02458
   0.4630	  0.02192
   0.4640	  0.02326
   0.4650	  0.02533
   0.4660	  0.02610
   0.4670	  0.02474
   0.4680	  0.02577
   0.4690	  0.02540
   0.4700	  0.03001
   0.4710	  0.02915
   0.4720	  0.03354
   0.4730	  0.02893
   0.4740	  0.03298
   0.4750	  0.02501
   0.4760	  0.02106
   0.4770	  0.02021
   0.4780	  0.02276
   0.4790	  0.01934
   0.4800	  0.02287
   0.4810	  0.02232
   0.4820	  0.02341
   0.4830	  0.02539
   0.4840	  0.02363
   0.4850	  0.02660
   0.4860	  0.02682
   0.4870	  0.02444
   0.4880	  0.02199
   0.4890	  0.02475
   0.4900	  0.01851
   0.4910	  0.02762
   0.4920	  0.02409
   0.4930	  0.01919
   0.4940	  0.02032
   0.4950	  0.01836
   0.4960	  0.01419
   0.4970	  0.01678
   0.4980	  0.01514
   0.4990	  0.01085
   0.5000	  0.01524
   0.5010	  0.01818
   0.5020	  0.02026
   0.5030	  0.02049
   0.5040	  0.02151
   0.5050	  0.02259
   0.5060	  0.02400
   0.5070	  0.02891
   0.5080	  0.02275
   0.5090	  0.01831
   0.5100	  0.01798
   0.5110	  0.02164
   0.5120	  0.02029
   0.5130	  0.02024
   0.5140	  0.02312
   0.5150	  0.02859
   0.5160	  0.02742
   0.5170	  0.01577
   0.5180	  0.02312
   0.5190	  0.02234
   0.5200	  0.02050
   0.5210	  0.02394
   0.5220	  0.02040
   0.5230	  0.01936
   0.5240	  0.02032
   0.5250	  0.01689
   0.5260	  0.01553
   0.5270	  0.01433
   0.5280	  0.01265
   0.5290	  0.01664
   0.5300	  0.01823
   0.5310	  0.03016
   0.5320	  0.03433
   0.5330	  0.02520
   0.5340	  0.02710
   0.5350	  0.02478
   0.5360	  0.02200
   0.5370	  0.01977
   0.5380	  0.01946
   0.5390	  0.01711
   0.5400	  0.02320
   0.5410	  0.02174
   0.5420	  0.02143
   0.5430	  0.01672
   0.5440	  0.01956
   0.5450	  0.01747
   0.5460	  0.01303
   0.5470	  0.01599
   0.5480	  0.01191
   0.5490	  0.00793
   0.5500	  0.00976
   0.5510	  0.00856
   0.5520	  0.00837
   0.5530	  0.01357
   0.5540	  0.01162
   0.5550	  0.01740
   0.5560	  0.01556
   0.5570	  0.01619
   0.5580	  0.01291
   0.5590	  0.01348
   0.5600	  0.01686
   0.5610	  0.01134
   0.5620	  0.00966
   0.5630	  0.00997
   0.5640	  0.01039
   0.5650	  0.01073
   0.5660	  0.01393
   0.5670	  0.01908
   0.5680	  0.01602
   0.5690	  0.01864
   0.5700	  0.02326
   0.5710	  0.02053
   0.5720	  0.02085
   0.5730	  0.02155
   0.5740	  0.02400
   0.5750	  0.01761
   0.5760	  0.01946
   0.5770	  0.01816
   0.5780	  0.01219
   0.5790	  0.01729
   0.5800	  0.01694
   0.5810	  0.01091
   0.5820	  0.00714
   0.5830	  0.00956
   0.5840	  0.01053
   0.5850	  0.00970
   0.5860	  0.01162
   0.5870	  0.01317
   0.5880	  0.01407
   0.5890	  0.01048
   0.5900	  0.01918
   0.5910	  0.01715
   0.5920	  0.01206
   0.5930	  0.02116
   0.5940	  0.01713
   0.5950	  0.01103
   0.5960	  0.01115
   0.5970	  0.01082
   0.5980	  0.01094
   0.5990	  0.00398
   0.6000	  0.00594
   0.6010	  0.00556
   0.6020	  0.00695
   0.6030	  0.01026
   0.6040	  0.00839
   0.6050	  0.00916
   0.6060	  0.00570
   0.6070	  0.00962
   0.6080	  0.01373
   0.6090	  0.01365
   0.6100	  0.01594
   0.6110	  0.01914
   0.6120	  0.01461
   0.6130	  0.01373
   0.6140	  0.01733
   0.6150	  0.01855
   0.6160	  0.02079
   0.6170	  0.01836
   0.6180	  0.01532
   0.6190	  0.01469
   0.6200	  0.01342
   0.6210	  0.01067
   0.6220	  0.01025
   0.6230	  0.01027
   0.6240	  0.01217
   0.6250	  0.01161
   0.6260	  0.00971
   0.6270	  0.01265
   0.6280	  0.01032
   0.6290	  0.00829
   0.6300	  0.00937
   0.6310	  0.00919
   0.6320	  0.00743
   0.6330	  0.00547
   0.6340	  0.00900
   0.6350	  0.01356
   0.6360	  0.01126
   0.6370	  0.00515
   0.6380	  0.01259
   0.6390	  0.01647
   0.6400	  0.01872
   0.6410	  0.01654
   0.6420	  0.01848
   0.6430	  0.01397
   0.6440	  0.01061
   0.6450	  0.01370
   0.6460	  0.01379
   0.6470	  0.01224
   0.6480	  0.01566
   0.6490	  0.01061
   0.6500	  0.01610
   0.6510	  0.02199
   0.6520	  0.02105
   0.6530	  0.01638
   0.6540	  0.01571
   0.6550	  0.01711
   0.6560	  0.01344
   0.6570	  0.01163
   0.6580	  0.00709
   0.6590	  0.01018
   0.6600	  0.01173
   0.6610	  0.01270
   0.6620	  0.01063
   0.6630	  0.00840
   0.6640	  0.00334
   0.6650	  0.00495
   0.6660	  0.00569
   0.6670	  0.00934
   0.6680	  0.00815
   0.6690	  0.01435
   0.6700	  0.01653
   0.6710	  0.01928
   0.6720	  0.01970
   0.6730	  0.01384
   0.6740	  0.01484
   0.6750	  0.00951
   0.6760	  0.01229
   0.6770	  0.00902
   0.6780	  0.01359
   0.6790	  0.01473
   0.6800	  0.01008
   0.6810	  0.00909
   0.6820	  0.00592
   0.6830	  0.00930
   0.6840	  0.00848
   0.6850	  0.01546
   0.6860	  0.01269
   0.6870	  0.01395
   0.6880	  0.01258
   0.6890	  0.01065
   0.6900	  0.00984
   0.6910	  0.01158
   0.6920	  0.01553
   0.6930	  0.01037
   0.6940	  0.01189
   0.6950	  0.01590
   0.6960	  0.00887
   0.6970	  0.01129
   0.6980	  0.01489
   0.6990	  0.01517
   0.7000	  0.01223
   0.7010	  0.01003
   0.7020	  0.00818
   0.7030	  0.00641
   0.7040	  0.00997
   0.7050	  0.00620
   0.7060	  0.00726
   0.7070	  0.00847
   0.7080	  0.01204
   0.7090	  0.01151
   0.7100	  0.00841
   0.7110	  0.00812
   0.7120	  0.01465
   0.7130	  0.01380
   0.7140	  0.01930
   0.7150	  0.01570
   0.7160	  0.01782
   0.7170	  0.02396
   0.7180	  0.02927
   0.7190	  0.02181
   0.7200	  0.02025
   0.7210	  0.01406
   0.7220	  0.01327
   0.7230	  0.01645
   0.7240	  0.01861
   0.7250	  0.01943
   0.7260	  0.01796
   0.7270	  0.01860
   0.7280	  0.01717
   0.7290	  0.01540
   0.7300	  0.01345
   0.7310	  0.01403
   0.7320	  0.01293
   0.7330	  0.01626
   0.7340	  0.01029
   0.7350	  0.01013
   0.7360	  0.01222
   0.7370	  0.00728
   0.7380	  0.00578
   0.7390	  0.00864
   0.7400	  0.01039
   0.7410	  0.00841
   0.7420	  0.01064
   0.7430	  0.01016
   0.7440	  0.00724
   0.7450	  0.00736
   0.7460	  0.00863
   0.7470	  0.00666
   0.7480	  0.01197
   0.7490	  0.01038
   0.7500	  0.01379
   0.7510	  0.01299
   0.7520	  0.01733
   0.7530	  0.02050
   0.7540	  0.01646
   0.7550	  0.01236
   0.7560	  0.01053
   0.7570	  0.01238
   0.7580	  0.01119
   0.7590	  0.01311
   0.7600	  0.00829
   0.7610	  0.00879
   0.7620	  0.01345
   0.7630	  0.00958
   0.7640	  0.00992
   0.7650	  0.01022
   0.7660	  0.00726
   0.7670	  0.00898
   0.7680	  0.00838
   0.7690	  0.00869
   0.7700	  0.00934
   0.7710	  0.00995
   0.7720	  0.01100
   0.7730	  0.00860
   0.7740	  0.01010
   0.7750	  0.00781
   0.7760	  0.01622
   0.7770	  0.01270
   0.7780	  0.01074
   0.7790	  0.01420
   0.7800	  0.01495
   0.7810	  0.01833
   0.7820	  0.01866
   0.7830	  0.02377
   0.7840	  0.02186
   0.7850	  0.01890
   0.7860	  0.01339
   0.7870	  0.01667
   0.7880	  0.01376
   0.7890	  0.02087
   0.7900	  0.02216
   0.7910	  0.02284
   0.7920	  0.01709
   0.7930	  0.02435
   0.7940	  0.02449
   0.7950	  0.02712
   0.7960	  0.02186
   0.7970	  0.02432
   0.7980	  0.01562
   0.7990	  0.01911
   0.8000	  0.01735
   0.8010	  0.01596
   0.8020	  0.01400
   0.8030	  0.01403
   0.8040	  0.01315
   0.8050	  0.00734
   0.8060	  0.00955
   0.8070	  0.00824
   0.8080	  0.01217
   0.8090	  0.00807
   0.8100	  0.00824
   0.8110	  0.00869
   0.8120	  0.01246
   0.8130	  0.01159
   0.8140	  0.01424
   0.8150	  0.01351
   0.8160	  0.01438
   0.8170	  0.01100
   0.8180	  0.00828
   0.8190	  0.01135
   0.8200	  0.01843
   0.8210	  0.01321
   0.8220	  0.00829
   0.8230	  0.01068
   0.8240	  0.00992
   0.8250	  0.01502
   0.8260	  0.01223
   0.8270	  0.01614
   0.8280	  0.01640
   0.8290	  0.01708
   0.8300	  0.01324
   0.8310	  0.01048
   0.8320	  0.01413
   0.8330	  0.00965
   0.8340	  0.01257
   0.8350	  0.01223
   0.8360	  0.00557
   0.8370	  0.01092
   0.8380	  0.00771
   0.8390	  0.00428
   0.8400	  0.00396
   0.8410	  0.00219
   0.8420	  0.00366
   0.8430	  0.01068
   0.8440	  0.00493
   0.8450	  0.00503
   0.8460	  0.00429
   0.8470	  0.00991
   0.8480	  0.00441
   0.8490	  0.00500
   0.8500	  0.00657
   0.8510	  0.00947
   0.8520	  0.01126
   0.8530	  0.01020
   0.8540	  0.01020
   0.8550	  0.00563
   0.8560	  0.01186
   0.8570	  0.00515
   0.8580	  0.00799
   0.8590	  0.00876
   0.8600	  0.00598
   0.8610	  0.00973
   0.8620	  0.00679
   0.8630	  0.00209
   0.8640	  0.01642
   0.8650	  0.01242
   0.8660	  0.01088
   0.8670	  0.01136
   0.8680	  0.00690
   0.8690	  0.00489
   0.8700	  0.00580
   0.8710	  0.00585
   0.8720	  0.00407
   0.8730	  0.00200
   0.8740	  0.00807
   0.8750	  0.00859
   0.8760	  0.01173
   0.8770	  0.01060
   0.8780	  0.01097
   0.8790	  0.00999
   0.8800	  0.00260
   0.8810	  0.00894
   0.8820	  0.00251
   0.8830	  0.00712
   0.8840	  0.01127
   0.8850	  0.00795
   0.8860	  0.00901
   0.8870	  0.00787
   0.8880	  0.00956
   0.8890	  0.00763
   0.8900	  0.00586
   0.8910	  0.00944
   0.8920	  0.00807
   0.8930	  0.01016
   0.8940	  0.01007
   0.8950	  0.00270
   0.8960	  0.01477
   0.8970	  0.00604
   0.8980	  0.00994
   0.8990	  0.00603
   0.9000	  0.00482
   0.9010	  0.00697
   0.9020	  0.00722
   0.9030	  0.00863
   0.9040	  0.00698
   0.9050	  0.01407
   0.9060	  0.00448
   0.9070	  0.00505
   0.9080	  0.00426
   0.9090	  0.01023
   0.9100	  0.00435
   0.9110	  0.00752
   0.9120	  0.00857
   0.9130	  0.01015
   0.9140	  0.00907
   0.9150	  0.01166
   0.9160	  0.01220
   0.9170	  0.01416
   0.9180	  0.01103
   0.9190	  0.02397
   0.9200	  0.01710
   0.9210	  0.01325
   0.9220	  0.01629
   0.9230	  0.01978
   0.9240	  0.02030
   0.9250	  0.01788
   0.9260	  0.01446
   0.9270	  0.01088
   0.9280	  0.01439
   0.9290	  0.00493
   0.9300	  0.00766
   0.9310	  0.00835
   0.9320	  0.00705
   0.9330	  0.01355
   0.9340	  0.01525
   0.9350	  0.01087
   0.9360	  0.00966
   0.9370	  0.01051
   0.9380	  0.01129
   0.9390	  0.01672
   0.9400	  0.01181
   0.9410	  0.00706
   0.9420	  0.00717
   0.9430	  0.00708
   0.9440	  0.00611
   0.9450	  0.00601
   0.9460	  0.00605
   0.9470	  0.00690
   0.9480	  0.00824
   0.9490	  0.00938
   0.9500	  0.01146
   0.9510	  0.01116
   0.9520	  0.01153
   0.9530	  0.01001
   0.9540	  0.01257
   0.9550	  0.00618
   0.9560	  0.00804
   0.9570	  0.00755
   0.9580	  0.00672
   0.9590	  0.00438
   0.9600	  0.00481
   0.9610	  0.00508
   0.9620	  0.00920
   0.9630	  0.00467
   0.9640	  0.01287
   0.9650	  0.00723
   0.9660	  0.00451
   0.9670	  0.00566
   0.9680	  0.00903
   0.9690	  0.00388
   0.9700	  0.00320
   0.9710	  0.00297
   0.9720	  0.00198
   0.9730	 -0.00099
   0.9740	  0.00183
   0.9750	 -0.00021
   0.9760	  0.00183
   0.9770	  0.00388
   0.9780	  0.00311
   0.9790	  0.00283
   0.9800	  0.00008
   0.9810	  0.00891
   0.9820	  0.00078
   0.9830	  0.00146
   0.9840	  0.00769
   0.9850	  0.00931
   0.9860	  0.00602
   0.9870	  0.00578
   0.9880	  0.00368
   0.9890	  0.00219
   0.9900	  0.00404
   0.9910	  0.00585
   0.9920	  0.00818
   0.9930	  0.00854
   0.9940	  0.01083
   0.9950	  0.01188
   0.9960	  0.01284
   0.9970	  0.01362
   0.9980	  0.01837
   0.9990	  0.01295
   1.0000	  0.01595
