## Jackknife output: chrom 16
## Bin(cM)	Covariance
   0.0010	  0.06356
   0.0020	  0.11397
   0.0030	  0.12297
   0.0040	  0.12379
   0.0050	  0.12201
   0.0060	  0.11302
   0.0070	  0.11230
   0.0080	  0.11188
   0.0090	  0.11790
   0.0100	  0.11791
   0.0110	  0.10939
   0.0120	  0.09805
   0.0130	  0.10916
   0.0140	  0.09993
   0.0150	  0.09332
   0.0160	  0.09294
   0.0170	  0.09144
   0.0180	  0.08907
   0.0190	  0.08794
   0.0200	  0.08721
   0.0210	  0.08702
   0.0220	  0.09119
   0.0230	  0.08514
   0.0240	  0.09544
   0.0250	  0.09138
   0.0260	  0.10730
   0.0270	  0.09974
   0.0280	  0.09026
   0.0290	  0.09121
   0.0300	  0.08878
   0.0310	  0.09116
   0.0320	  0.09298
   0.0330	  0.09285
   0.0340	  0.08886
   0.0350	  0.08506
   0.0360	  0.08938
   0.0370	  0.08506
   0.0380	  0.08763
   0.0390	  0.08375
   0.0400	  0.08858
   0.0410	  0.09508
   0.0420	  0.08880
   0.0430	  0.08507
   0.0440	  0.08486
   0.0450	  0.08894
   0.0460	  0.09811
   0.0470	  0.09299
   0.0480	  0.08527
   0.0490	  0.10129
   0.0500	  0.09422
   0.0510	  0.08174
   0.0520	  0.08394
   0.0530	  0.07735
   0.0540	  0.07950
   0.0550	  0.07794
   0.0560	  0.07455
   0.0570	  0.07867
   0.0580	  0.08410
   0.0590	  0.08553
   0.0600	  0.08501
   0.0610	  0.08344
   0.0620	  0.07964
   0.0630	  0.08425
   0.0640	  0.07657
   0.0650	  0.07851
   0.0660	  0.06367
   0.0670	  0.06241
   0.0680	  0.05896
   0.0690	  0.07081
   0.0700	  0.07849
   0.0710	  0.07972
   0.0720	  0.08152
   0.0730	  0.07743
   0.0740	  0.07224
   0.0750	  0.07516
   0.0760	  0.07491
   0.0770	  0.06909
   0.0780	  0.08089
   0.0790	  0.09140
   0.0800	  0.08511
   0.0810	  0.08722
   0.0820	  0.07432
   0.0830	  0.07856
   0.0840	  0.07926
   0.0850	  0.08209
   0.0860	  0.07267
   0.0870	  0.06746
   0.0880	  0.06926
   0.0890	  0.06007
   0.0900	  0.07145
   0.0910	  0.07935
   0.0920	  0.07061
   0.0930	  0.06155
   0.0940	  0.06958
   0.0950	  0.07804
   0.0960	  0.07958
   0.0970	  0.06567
   0.0980	  0.05929
   0.0990	  0.05643
   0.1000	  0.06456
   0.1010	  0.06582
   0.1020	  0.05877
   0.1030	  0.06174
   0.1040	  0.07500
   0.1050	  0.06113
   0.1060	  0.06669
   0.1070	  0.06896
   0.1080	  0.06314
   0.1090	  0.06296
   0.1100	  0.06498
   0.1110	  0.06500
   0.1120	  0.06297
   0.1130	  0.06246
   0.1140	  0.06142
   0.1150	  0.05508
   0.1160	  0.06058
   0.1170	  0.05980
   0.1180	  0.06962
   0.1190	  0.07202
   0.1200	  0.07593
   0.1210	  0.07530
   0.1220	  0.07345
   0.1230	  0.08135
   0.1240	  0.07864
   0.1250	  0.07018
   0.1260	  0.07360
   0.1270	  0.07396
   0.1280	  0.07845
   0.1290	  0.08082
   0.1300	  0.09180
   0.1310	  0.08573
   0.1320	  0.09080
   0.1330	  0.09259
   0.1340	  0.09203
   0.1350	  0.07549
   0.1360	  0.07180
   0.1370	  0.05998
   0.1380	  0.06091
   0.1390	  0.06790
   0.1400	  0.06560
   0.1410	  0.06552
   0.1420	  0.06419
   0.1430	  0.05569
   0.1440	  0.06003
   0.1450	  0.06716
   0.1460	  0.05903
   0.1470	  0.06140
   0.1480	  0.05242
   0.1490	  0.06614
   0.1500	  0.05880
   0.1510	  0.06097
   0.1520	  0.06293
   0.1530	  0.05943
   0.1540	  0.05953
   0.1550	  0.05547
   0.1560	  0.05213
   0.1570	  0.05428
   0.1580	  0.04577
   0.1590	  0.04905
   0.1600	  0.04730
   0.1610	  0.05250
   0.1620	  0.05192
   0.1630	  0.05278
   0.1640	  0.05590
   0.1650	  0.06022
   0.1660	  0.05713
   0.1670	  0.07012
   0.1680	  0.06643
   0.1690	  0.06287
   0.1700	  0.06199
   0.1710	  0.05541
   0.1720	  0.05993
   0.1730	  0.05758
   0.1740	  0.05557
   0.1750	  0.05180
   0.1760	  0.05613
   0.1770	  0.05119
   0.1780	  0.05529
   0.1790	  0.05238
   0.1800	  0.06200
   0.1810	  0.06199
   0.1820	  0.05113
   0.1830	  0.05138
   0.1840	  0.04823
   0.1850	  0.05579
   0.1860	  0.05715
   0.1870	  0.05567
   0.1880	  0.05245
   0.1890	  0.05774
   0.1900	  0.06174
   0.1910	  0.05262
   0.1920	  0.04894
   0.1930	  0.05239
   0.1940	  0.04999
   0.1950	  0.04570
   0.1960	  0.04440
   0.1970	  0.03981
   0.1980	  0.04982
   0.1990	  0.05155
   0.2000	  0.04211
   0.2010	  0.03510
   0.2020	  0.04469
   0.2030	  0.04702
   0.2040	  0.04497
   0.2050	  0.04903
   0.2060	  0.05362
   0.2070	  0.06051
   0.2080	  0.06445
   0.2090	  0.05982
   0.2100	  0.06350
   0.2110	  0.07636
   0.2120	  0.07607
   0.2130	  0.06094
   0.2140	  0.06097
   0.2150	  0.05492
   0.2160	  0.05167
   0.2170	  0.04422
   0.2180	  0.04268
   0.2190	  0.04778
   0.2200	  0.05300
   0.2210	  0.04185
   0.2220	  0.04399
   0.2230	  0.04447
   0.2240	  0.04063
   0.2250	  0.04903
   0.2260	  0.04530
   0.2270	  0.04098
   0.2280	  0.04407
   0.2290	  0.03810
   0.2300	  0.03255
   0.2310	  0.04041
   0.2320	  0.03759
   0.2330	  0.03991
   0.2340	  0.04738
   0.2350	  0.04705
   0.2360	  0.04482
   0.2370	  0.04981
   0.2380	  0.05642
   0.2390	  0.05658
   0.2400	  0.06049
   0.2410	  0.05913
   0.2420	  0.07502
   0.2430	  0.05722
   0.2440	  0.05275
   0.2450	  0.04905
   0.2460	  0.04986
   0.2470	  0.06049
   0.2480	  0.05492
   0.2490	  0.05638
   0.2500	  0.04748
   0.2510	  0.05301
   0.2520	  0.05678
   0.2530	  0.05119
   0.2540	  0.05045
   0.2550	  0.04002
   0.2560	  0.03618
   0.2570	  0.04033
   0.2580	  0.03964
   0.2590	  0.03969
   0.2600	  0.03686
   0.2610	  0.03979
   0.2620	  0.03421
   0.2630	  0.03210
   0.2640	  0.02990
   0.2650	  0.03422
   0.2660	  0.02819
   0.2670	  0.02910
   0.2680	  0.03336
   0.2690	  0.03248
   0.2700	  0.03675
   0.2710	  0.03342
   0.2720	  0.03547
   0.2730	  0.02716
   0.2740	  0.03540
   0.2750	  0.03985
   0.2760	  0.04569
   0.2770	  0.03838
   0.2780	  0.04648
   0.2790	  0.04691
   0.2800	  0.05027
   0.2810	  0.04224
   0.2820	  0.04402
   0.2830	  0.04318
   0.2840	  0.05497
   0.2850	  0.05540
   0.2860	  0.04828
   0.2870	  0.03954
   0.2880	  0.04341
   0.2890	  0.04773
   0.2900	  0.04489
   0.2910	  0.03630
   0.2920	  0.03950
   0.2930	  0.03435
   0.2940	  0.02887
   0.2950	  0.03423
   0.2960	  0.02950
   0.2970	  0.03123
   0.2980	  0.03974
   0.2990	  0.03342
   0.3000	  0.02779
   0.3010	  0.03621
   0.3020	  0.03449
   0.3030	  0.03442
   0.3040	  0.02914
   0.3050	  0.03114
   0.3060	  0.03609
   0.3070	  0.03318
   0.3080	  0.02852
   0.3090	  0.02845
   0.3100	  0.03911
   0.3110	  0.04154
   0.3120	  0.03252
   0.3130	  0.03591
   0.3140	  0.03172
   0.3150	  0.03543
   0.3160	  0.03921
   0.3170	  0.03883
   0.3180	  0.04591
   0.3190	  0.04897
   0.3200	  0.05119
   0.3210	  0.06074
   0.3220	  0.06979
   0.3230	  0.06019
   0.3240	  0.05031
   0.3250	  0.05863
   0.3260	  0.05424
   0.3270	  0.04613
   0.3280	  0.04018
   0.3290	  0.04332
   0.3300	  0.03852
   0.3310	  0.03055
   0.3320	  0.04361
   0.3330	  0.03790
   0.3340	  0.03209
   0.3350	  0.03161
   0.3360	  0.02978
   0.3370	  0.03196
   0.3380	  0.02879
   0.3390	  0.02766
   0.3400	  0.03313
   0.3410	  0.03051
   0.3420	  0.02693
   0.3430	  0.02205
   0.3440	  0.02642
   0.3450	  0.02839
   0.3460	  0.03766
   0.3470	  0.02567
   0.3480	  0.02349
   0.3490	  0.03073
   0.3500	  0.03011
   0.3510	  0.02713
   0.3520	  0.02882
   0.3530	  0.02995
   0.3540	  0.03478
   0.3550	  0.03101
   0.3560	  0.03051
   0.3570	  0.02857
   0.3580	  0.02618
   0.3590	  0.02653
   0.3600	  0.02440
   0.3610	  0.02602
   0.3620	  0.02946
   0.3630	  0.02960
   0.3640	  0.02844
   0.3650	  0.03248
   0.3660	  0.02881
   0.3670	  0.02504
   0.3680	  0.02620
   0.3690	  0.03021
   0.3700	  0.03150
   0.3710	  0.03939
   0.3720	  0.02897
   0.3730	  0.03330
   0.3740	  0.03005
   0.3750	  0.03028
   0.3760	  0.03493
   0.3770	  0.03248
   0.3780	  0.03703
   0.3790	  0.03827
   0.3800	  0.03106
   0.3810	  0.03331
   0.3820	  0.03271
   0.3830	  0.03349
   0.3840	  0.03985
   0.3850	  0.03566
   0.3860	  0.03597
   0.3870	  0.03536
   0.3880	  0.03733
   0.3890	  0.03263
   0.3900	  0.02819
   0.3910	  0.03367
   0.3920	  0.03481
   0.3930	  0.02551
   0.3940	  0.02381
   0.3950	  0.03078
   0.3960	  0.03264
   0.3970	  0.03598
   0.3980	  0.03503
   0.3990	  0.04629
   0.4000	  0.03660
   0.4010	  0.04408
   0.4020	  0.03807
   0.4030	  0.03476
   0.4040	  0.03225
   0.4050	  0.03099
   0.4060	  0.02824
   0.4070	  0.02631
   0.4080	  0.03552
   0.4090	  0.03183
   0.4100	  0.03056
   0.4110	  0.02705
   0.4120	  0.02847
   0.4130	  0.02052
   0.4140	  0.02291
   0.4150	  0.02606
   0.4160	  0.02752
   0.4170	  0.01951
   0.4180	  0.02047
   0.4190	  0.01995
   0.4200	  0.02128
   0.4210	  0.02497
   0.4220	  0.02434
   0.4230	  0.02503
   0.4240	  0.03608
   0.4250	  0.02896
   0.4260	  0.02384
   0.4270	  0.02964
   0.4280	  0.02949
   0.4290	  0.03111
   0.4300	  0.03159
   0.4310	  0.03592
   0.4320	  0.03611
   0.4330	  0.03969
   0.4340	  0.03684
   0.4350	  0.04146
   0.4360	  0.03482
   0.4370	  0.03366
   0.4380	  0.02876
   0.4390	  0.02643
   0.4400	  0.02602
   0.4410	  0.02760
   0.4420	  0.02542
   0.4430	  0.02384
   0.4440	  0.02421
   0.4450	  0.02495
   0.4460	  0.02950
   0.4470	  0.03021
   0.4480	  0.03013
   0.4490	  0.02497
   0.4500	  0.02874
   0.4510	  0.02987
   0.4520	  0.02949
   0.4530	  0.02611
   0.4540	  0.02326
   0.4550	  0.02414
   0.4560	  0.03349
   0.4570	  0.03412
   0.4580	  0.02141
   0.4590	  0.02261
   0.4600	  0.02873
   0.4610	  0.02973
   0.4620	  0.02216
   0.4630	  0.01922
   0.4640	  0.02195
   0.4650	  0.02488
   0.4660	  0.02581
   0.4670	  0.02462
   0.4680	  0.02485
   0.4690	  0.02355
   0.4700	  0.02697
   0.4710	  0.02729
   0.4720	  0.03080
   0.4730	  0.02682
   0.4740	  0.03159
   0.4750	  0.02515
   0.4760	  0.02129
   0.4770	  0.02073
   0.4780	  0.02332
   0.4790	  0.01923
   0.4800	  0.02144
   0.4810	  0.02170
   0.4820	  0.02300
   0.4830	  0.02413
   0.4840	  0.02286
   0.4850	  0.02557
   0.4860	  0.02614
   0.4870	  0.02416
   0.4880	  0.02184
   0.4890	  0.02483
   0.4900	  0.01728
   0.4910	  0.02540
   0.4920	  0.02411
   0.4930	  0.01931
   0.4940	  0.01991
   0.4950	  0.01821
   0.4960	  0.01421
   0.4970	  0.01659
   0.4980	  0.01541
   0.4990	  0.01089
   0.5000	  0.01538
   0.5010	  0.01834
   0.5020	  0.02037
   0.5030	  0.02086
   0.5040	  0.02181
   0.5050	  0.02255
   0.5060	  0.02387
   0.5070	  0.02913
   0.5080	  0.02252
   0.5090	  0.01782
   0.5100	  0.01732
   0.5110	  0.02007
   0.5120	  0.01955
   0.5130	  0.01880
   0.5140	  0.02274
   0.5150	  0.02789
   0.5160	  0.02706
   0.5170	  0.01546
   0.5180	  0.02274
   0.5190	  0.02186
   0.5200	  0.02007
   0.5210	  0.02370
   0.5220	  0.02067
   0.5230	  0.01898
   0.5240	  0.01971
   0.5250	  0.01715
   0.5260	  0.01515
   0.5270	  0.01405
   0.5280	  0.01230
   0.5290	  0.01507
   0.5300	  0.01562
   0.5310	  0.02738
   0.5320	  0.03341
   0.5330	  0.02469
   0.5340	  0.02614
   0.5350	  0.02479
   0.5360	  0.02159
   0.5370	  0.01951
   0.5380	  0.01861
   0.5390	  0.01710
   0.5400	  0.02297
   0.5410	  0.02139
   0.5420	  0.02092
   0.5430	  0.01624
   0.5440	  0.01900
   0.5450	  0.01723
   0.5460	  0.01223
   0.5470	  0.01483
   0.5480	  0.01029
   0.5490	  0.00630
   0.5500	  0.00717
   0.5510	  0.00732
   0.5520	  0.00589
   0.5530	  0.01144
   0.5540	  0.01065
   0.5550	  0.01693
   0.5560	  0.01540
   0.5570	  0.01587
   0.5580	  0.01277
   0.5590	  0.01360
   0.5600	  0.01690
   0.5610	  0.01141
   0.5620	  0.00980
   0.5630	  0.00999
   0.5640	  0.00995
   0.5650	  0.01068
   0.5660	  0.01397
   0.5670	  0.01844
   0.5680	  0.01552
   0.5690	  0.01814
   0.5700	  0.02245
   0.5710	  0.02026
   0.5720	  0.02082
   0.5730	  0.02103
   0.5740	  0.02351
   0.5750	  0.01732
   0.5760	  0.01968
   0.5770	  0.01834
   0.5780	  0.01250
   0.5790	  0.01762
   0.5800	  0.01735
   0.5810	  0.01121
   0.5820	  0.00723
   0.5830	  0.00969
   0.5840	  0.01089
   0.5850	  0.00983
   0.5860	  0.01184
   0.5870	  0.01347
   0.5880	  0.01433
   0.5890	  0.01044
   0.5900	  0.01920
   0.5910	  0.01676
   0.5920	  0.01209
   0.5930	  0.02134
   0.5940	  0.01671
   0.5950	  0.01121
   0.5960	  0.01156
   0.5970	  0.01110
   0.5980	  0.01129
   0.5990	  0.00403
   0.6000	  0.00626
   0.6010	  0.00591
   0.6020	  0.00704
   0.6030	  0.01055
   0.6040	  0.00863
   0.6050	  0.00904
   0.6060	  0.00556
   0.6070	  0.00977
   0.6080	  0.01404
   0.6090	  0.01364
   0.6100	  0.01612
   0.6110	  0.01955
   0.6120	  0.01447
   0.6130	  0.01330
   0.6140	  0.01733
   0.6150	  0.01844
   0.6160	  0.02053
   0.6170	  0.01814
   0.6180	  0.01520
   0.6190	  0.01417
   0.6200	  0.01300
   0.6210	  0.01102
   0.6220	  0.01039
   0.6230	  0.01048
   0.6240	  0.01217
   0.6250	  0.01161
   0.6260	  0.00985
   0.6270	  0.01251
   0.6280	  0.01045
   0.6290	  0.00843
   0.6300	  0.00962
   0.6310	  0.00938
   0.6320	  0.00717
   0.6330	  0.00545
   0.6340	  0.00914
   0.6350	  0.01347
   0.6360	  0.00975
   0.6370	  0.00522
   0.6380	  0.01224
   0.6390	  0.01672
   0.6400	  0.01891
   0.6410	  0.01678
   0.6420	  0.01819
   0.6430	  0.01420
   0.6440	  0.00983
   0.6450	  0.01380
   0.6460	  0.01319
   0.6470	  0.01240
   0.6480	  0.01627
   0.6490	  0.01081
   0.6500	  0.01620
   0.6510	  0.02212
   0.6520	  0.02134
   0.6530	  0.01647
   0.6540	  0.01587
   0.6550	  0.01756
   0.6560	  0.01369
   0.6570	  0.01166
   0.6580	  0.00651
   0.6590	  0.01047
   0.6600	  0.01202
   0.6610	  0.01263
   0.6620	  0.00930
   0.6630	  0.00828
   0.6640	  0.00281
   0.6650	  0.00439
   0.6660	  0.00570
   0.6670	  0.00902
   0.6680	  0.00825
   0.6690	  0.01340
   0.6700	  0.01617
   0.6710	  0.01959
   0.6720	  0.01926
   0.6730	  0.01180
   0.6740	  0.01321
   0.6750	  0.00933
   0.6760	  0.01193
   0.6770	  0.00901
   0.6780	  0.01370
   0.6790	  0.01486
   0.6800	  0.00957
   0.6810	  0.00926
   0.6820	  0.00615
   0.6830	  0.00967
   0.6840	  0.00857
   0.6850	  0.01565
   0.6860	  0.01275
   0.6870	  0.01384
   0.6880	  0.01252
   0.6890	  0.01079
   0.6900	  0.01025
   0.6910	  0.01200
   0.6920	  0.01575
   0.6930	  0.01052
   0.6940	  0.01195
   0.6950	  0.01598
   0.6960	  0.00867
   0.6970	  0.01158
   0.6980	  0.01503
   0.6990	  0.01530
   0.7000	  0.01153
   0.7010	  0.01005
   0.7020	  0.00796
   0.7030	  0.00652
   0.7040	  0.01018
   0.7050	  0.00608
   0.7060	  0.00734
   0.7070	  0.00855
   0.7080	  0.01162
   0.7090	  0.01077
   0.7100	  0.00735
   0.7110	  0.00736
   0.7120	  0.01388
   0.7130	  0.01310
   0.7140	  0.01821
   0.7150	  0.01526
   0.7160	  0.01758
   0.7170	  0.02367
   0.7180	  0.02857
   0.7190	  0.02085
   0.7200	  0.01908
   0.7210	  0.01385
   0.7220	  0.01212
   0.7230	  0.01584
   0.7240	  0.01812
   0.7250	  0.01942
   0.7260	  0.01768
   0.7270	  0.01846
   0.7280	  0.01708
   0.7290	  0.01556
   0.7300	  0.01340
   0.7310	  0.01405
   0.7320	  0.01283
   0.7330	  0.01663
   0.7340	  0.01025
   0.7350	  0.01028
   0.7360	  0.01225
   0.7370	  0.00717
   0.7380	  0.00592
   0.7390	  0.00878
   0.7400	  0.00996
   0.7410	  0.00790
   0.7420	  0.01027
   0.7430	  0.01021
   0.7440	  0.00691
   0.7450	  0.00742
   0.7460	  0.00883
   0.7470	  0.00675
   0.7480	  0.01193
   0.7490	  0.01059
   0.7500	  0.01382
   0.7510	  0.01287
   0.7520	  0.01605
   0.7530	  0.02003
   0.7540	  0.01594
   0.7550	  0.01225
   0.7560	  0.01031
   0.7570	  0.01199
   0.7580	  0.01111
   0.7590	  0.01315
   0.7600	  0.00799
   0.7610	  0.00859
   0.7620	  0.01363
   0.7630	  0.00947
   0.7640	  0.00974
   0.7650	  0.01043
   0.7660	  0.00739
   0.7670	  0.00909
   0.7680	  0.00865
   0.7690	  0.00867
   0.7700	  0.00933
   0.7710	  0.00977
   0.7720	  0.01110
   0.7730	  0.00834
   0.7740	  0.01012
   0.7750	  0.00804
   0.7760	  0.01626
   0.7770	  0.01288
   0.7780	  0.01063
   0.7790	  0.01450
   0.7800	  0.01499
   0.7810	  0.01847
   0.7820	  0.01890
   0.7830	  0.02417
   0.7840	  0.02232
   0.7850	  0.01924
   0.7860	  0.01371
   0.7870	  0.01706
   0.7880	  0.01412
   0.7890	  0.02122
   0.7900	  0.02258
   0.7910	  0.02330
   0.7920	  0.01772
   0.7930	  0.02499
   0.7940	  0.02525
   0.7950	  0.02765
   0.7960	  0.02220
   0.7970	  0.02470
   0.7980	  0.01588
   0.7990	  0.01937
   0.8000	  0.01759
   0.8010	  0.01616
   0.8020	  0.01416
   0.8030	  0.01438
   0.8040	  0.01332
   0.8050	  0.00763
   0.8060	  0.01005
   0.8070	  0.00849
   0.8080	  0.01252
   0.8090	  0.00837
   0.8100	  0.00853
   0.8110	  0.00891
   0.8120	  0.01271
   0.8130	  0.01168
   0.8140	  0.01430
   0.8150	  0.01382
   0.8160	  0.01455
   0.8170	  0.01129
   0.8180	  0.00869
   0.8190	  0.01192
   0.8200	  0.01851
   0.8210	  0.01316
   0.8220	  0.00843
   0.8230	  0.01091
   0.8240	  0.01004
   0.8250	  0.01511
   0.8260	  0.01228
   0.8270	  0.01665
   0.8280	  0.01701
   0.8290	  0.01758
   0.8300	  0.01378
   0.8310	  0.01139
   0.8320	  0.01476
   0.8330	  0.00983
   0.8340	  0.01333
   0.8350	  0.01317
   0.8360	  0.00599
   0.8370	  0.01108
   0.8380	  0.00784
   0.8390	  0.00398
   0.8400	  0.00359
   0.8410	  0.00162
   0.8420	  0.00321
   0.8430	  0.01008
   0.8440	  0.00460
   0.8450	  0.00478
   0.8460	  0.00423
   0.8470	  0.00953
   0.8480	  0.00410
   0.8490	  0.00491
   0.8500	  0.00609
   0.8510	  0.00884
   0.8520	  0.01090
   0.8530	  0.00951
   0.8540	  0.00929
   0.8550	  0.00511
   0.8560	  0.01200
   0.8570	  0.00520
   0.8580	  0.00809
   0.8590	  0.00885
   0.8600	  0.00608
   0.8610	  0.00980
   0.8620	  0.00682
   0.8630	  0.00210
   0.8640	  0.01682
   0.8650	  0.01263
   0.8660	  0.01098
   0.8670	  0.01148
   0.8680	  0.00686
   0.8690	  0.00467
   0.8700	  0.00584
   0.8710	  0.00584
   0.8720	  0.00404
   0.8730	  0.00165
   0.8740	  0.00794
   0.8750	  0.00844
   0.8760	  0.01178
   0.8770	  0.01091
   0.8780	  0.01099
   0.8790	  0.01011
   0.8800	  0.00261
   0.8810	  0.00908
   0.8820	  0.00251
   0.8830	  0.00713
   0.8840	  0.01079
   0.8850	  0.00764
   0.8860	  0.00909
   0.8870	  0.00793
   0.8880	  0.00963
   0.8890	  0.00776
   0.8900	  0.00578
   0.8910	  0.00944
   0.8920	  0.00782
   0.8930	  0.01009
   0.8940	  0.00936
   0.8950	  0.00210
   0.8960	  0.01459
   0.8970	  0.00552
   0.8980	  0.00933
   0.8990	  0.00530
   0.9000	  0.00455
   0.9010	  0.00679
   0.9020	  0.00718
   0.9030	  0.00856
   0.9040	  0.00708
   0.9050	  0.01373
   0.9060	  0.00414
   0.9070	  0.00485
   0.9080	  0.00391
   0.9090	  0.01012
   0.9100	  0.00425
   0.9110	  0.00765
   0.9120	  0.00861
   0.9130	  0.01003
   0.9140	  0.00914
   0.9150	  0.01170
   0.9160	  0.01230
   0.9170	  0.01424
   0.9180	  0.01088
   0.9190	  0.02381
   0.9200	  0.01736
   0.9210	  0.01321
   0.9220	  0.01603
   0.9230	  0.01922
   0.9240	  0.02063
   0.9250	  0.01798
   0.9260	  0.01482
   0.9270	  0.01122
   0.9280	  0.01464
   0.9290	  0.00472
   0.9300	  0.00729
   0.9310	  0.00798
   0.9320	  0.00687
   0.9330	  0.01310
   0.9340	  0.01520
   0.9350	  0.01098
   0.9360	  0.00973
   0.9370	  0.00983
   0.9380	  0.01148
   0.9390	  0.01694
   0.9400	  0.01213
   0.9410	  0.00692
   0.9420	  0.00700
   0.9430	  0.00713
   0.9440	  0.00632
   0.9450	  0.00623
   0.9460	  0.00614
   0.9470	  0.00724
   0.9480	  0.00856
   0.9490	  0.00970
   0.9500	  0.01164
   0.9510	  0.01131
   0.9520	  0.01134
   0.9530	  0.00949
   0.9540	  0.01250
   0.9550	  0.00636
   0.9560	  0.00830
   0.9570	  0.00772
   0.9580	  0.00669
   0.9590	  0.00460
   0.9600	  0.00509
   0.9610	  0.00533
   0.9620	  0.00939
   0.9630	  0.00448
   0.9640	  0.01240
   0.9650	  0.00747
   0.9660	  0.00421
   0.9670	  0.00576
   0.9680	  0.00862
   0.9690	  0.00389
   0.9700	  0.00330
   0.9710	  0.00306
   0.9720	  0.00196
   0.9730	 -0.00138
   0.9740	  0.00191
   0.9750	 -0.00028
   0.9760	  0.00155
   0.9770	  0.00365
   0.9780	  0.00279
   0.9790	  0.00237
   0.9800	 -0.00026
   0.9810	  0.00879
   0.9820	  0.00056
   0.9830	  0.00150
   0.9840	  0.00765
   0.9850	  0.00915
   0.9860	  0.00522
   0.9870	  0.00554
   0.9880	  0.00379
   0.9890	  0.00212
   0.9900	  0.00364
   0.9910	  0.00580
   0.9920	  0.00826
   0.9930	  0.00856
   0.9940	  0.01059
   0.9950	  0.01188
   0.9960	  0.01239
   0.9970	  0.01389
   0.9980	  0.01760
   0.9990	  0.01176
   1.0000	  0.01505
