## Jackknife output: chrom 1
## Bin(cM)	Covariance
   0.0010	  0.05863
   0.0020	  0.10763
   0.0030	  0.11784
   0.0040	  0.11907
   0.0050	  0.11795
   0.0060	  0.10956
   0.0070	  0.11010
   0.0080	  0.10629
   0.0090	  0.11180
   0.0100	  0.11644
   0.0110	  0.11236
   0.0120	  0.09911
   0.0130	  0.11090
   0.0140	  0.10285
   0.0150	  0.09299
   0.0160	  0.09710
   0.0170	  0.09356
   0.0180	  0.09113
   0.0190	  0.09082
   0.0200	  0.09315
   0.0210	  0.09078
   0.0220	  0.09523
   0.0230	  0.09065
   0.0240	  0.09948
   0.0250	  0.09125
   0.0260	  0.09566
   0.0270	  0.09446
   0.0280	  0.08594
   0.0290	  0.09388
   0.0300	  0.08895
   0.0310	  0.09129
   0.0320	  0.09622
   0.0330	  0.09482
   0.0340	  0.09089
   0.0350	  0.08890
   0.0360	  0.09479
   0.0370	  0.08913
   0.0380	  0.09222
   0.0390	  0.08817
   0.0400	  0.09369
   0.0410	  0.10195
   0.0420	  0.09400
   0.0430	  0.08936
   0.0440	  0.09110
   0.0450	  0.09480
   0.0460	  0.10300
   0.0470	  0.09564
   0.0480	  0.08603
   0.0490	  0.10399
   0.0500	  0.09531
   0.0510	  0.08332
   0.0520	  0.08486
   0.0530	  0.07865
   0.0540	  0.07908
   0.0550	  0.07306
   0.0560	  0.07176
   0.0570	  0.07786
   0.0580	  0.08413
   0.0590	  0.08347
   0.0600	  0.08493
   0.0610	  0.08098
   0.0620	  0.07818
   0.0630	  0.08012
   0.0640	  0.07481
   0.0650	  0.07773
   0.0660	  0.06322
   0.0670	  0.06454
   0.0680	  0.06201
   0.0690	  0.07268
   0.0700	  0.08030
   0.0710	  0.08066
   0.0720	  0.08275
   0.0730	  0.07728
   0.0740	  0.07237
   0.0750	  0.07577
   0.0760	  0.07565
   0.0770	  0.06747
   0.0780	  0.08148
   0.0790	  0.09327
   0.0800	  0.09063
   0.0810	  0.08962
   0.0820	  0.07715
   0.0830	  0.07911
   0.0840	  0.08375
   0.0850	  0.08590
   0.0860	  0.07579
   0.0870	  0.07054
   0.0880	  0.07242
   0.0890	  0.06511
   0.0900	  0.07548
   0.0910	  0.08192
   0.0920	  0.07274
   0.0930	  0.06278
   0.0940	  0.07283
   0.0950	  0.08203
   0.0960	  0.08166
   0.0970	  0.06839
   0.0980	  0.06158
   0.0990	  0.05977
   0.1000	  0.06599
   0.1010	  0.06937
   0.1020	  0.06207
   0.1030	  0.06184
   0.1040	  0.07515
   0.1050	  0.06285
   0.1060	  0.06701
   0.1070	  0.07240
   0.1080	  0.06450
   0.1090	  0.06682
   0.1100	  0.06811
   0.1110	  0.06657
   0.1120	  0.06617
   0.1130	  0.06209
   0.1140	  0.06224
   0.1150	  0.05733
   0.1160	  0.06255
   0.1170	  0.06073
   0.1180	  0.06954
   0.1190	  0.07347
   0.1200	  0.07861
   0.1210	  0.07946
   0.1220	  0.07615
   0.1230	  0.08645
   0.1240	  0.08279
   0.1250	  0.07199
   0.1260	  0.07405
   0.1270	  0.07687
   0.1280	  0.08255
   0.1290	  0.08726
   0.1300	  0.09456
   0.1310	  0.09114
   0.1320	  0.09885
   0.1330	  0.10095
   0.1340	  0.09941
   0.1350	  0.07772
   0.1360	  0.07533
   0.1370	  0.06254
   0.1380	  0.06351
   0.1390	  0.07063
   0.1400	  0.06708
   0.1410	  0.06811
   0.1420	  0.06771
   0.1430	  0.06008
   0.1440	  0.06441
   0.1450	  0.06783
   0.1460	  0.06092
   0.1470	  0.06149
   0.1480	  0.05258
   0.1490	  0.06987
   0.1500	  0.06337
   0.1510	  0.06393
   0.1520	  0.06727
   0.1530	  0.06203
   0.1540	  0.06374
   0.1550	  0.05765
   0.1560	  0.05348
   0.1570	  0.05718
   0.1580	  0.04821
   0.1590	  0.05045
   0.1600	  0.04873
   0.1610	  0.05468
   0.1620	  0.05401
   0.1630	  0.05475
   0.1640	  0.05725
   0.1650	  0.06264
   0.1660	  0.06040
   0.1670	  0.07491
   0.1680	  0.07086
   0.1690	  0.06557
   0.1700	  0.06611
   0.1710	  0.05863
   0.1720	  0.06261
   0.1730	  0.05938
   0.1740	  0.05684
   0.1750	  0.05314
   0.1760	  0.05728
   0.1770	  0.05106
   0.1780	  0.05499
   0.1790	  0.05063
   0.1800	  0.06117
   0.1810	  0.06333
   0.1820	  0.05165
   0.1830	  0.05416
   0.1840	  0.04881
   0.1850	  0.05543
   0.1860	  0.05769
   0.1870	  0.05421
   0.1880	  0.05032
   0.1890	  0.05632
   0.1900	  0.06454
   0.1910	  0.05385
   0.1920	  0.04828
   0.1930	  0.05076
   0.1940	  0.04717
   0.1950	  0.04575
   0.1960	  0.04135
   0.1970	  0.03592
   0.1980	  0.04674
   0.1990	  0.04973
   0.2000	  0.04362
   0.2010	  0.03657
   0.2020	  0.04687
   0.2030	  0.04996
   0.2040	  0.05097
   0.2050	  0.05206
   0.2060	  0.05517
   0.2070	  0.06304
   0.2080	  0.06279
   0.2090	  0.05963
   0.2100	  0.06515
   0.2110	  0.07553
   0.2120	  0.07543
   0.2130	  0.06084
   0.2140	  0.05908
   0.2150	  0.05944
   0.2160	  0.05048
   0.2170	  0.04193
   0.2180	  0.04048
   0.2190	  0.04499
   0.2200	  0.04604
   0.2210	  0.03831
   0.2220	  0.03963
   0.2230	  0.03507
   0.2240	  0.04053
   0.2250	  0.04819
   0.2260	  0.04529
   0.2270	  0.04523
   0.2280	  0.04509
   0.2290	  0.03945
   0.2300	  0.03620
   0.2310	  0.04149
   0.2320	  0.03915
   0.2330	  0.04097
   0.2340	  0.05221
   0.2350	  0.05101
   0.2360	  0.04917
   0.2370	  0.05226
   0.2380	  0.06195
   0.2390	  0.06228
   0.2400	  0.06787
   0.2410	  0.06649
   0.2420	  0.08249
   0.2430	  0.06279
   0.2440	  0.05659
   0.2450	  0.05125
   0.2460	  0.05449
   0.2470	  0.06529
   0.2480	  0.05848
   0.2490	  0.06110
   0.2500	  0.05194
   0.2510	  0.05395
   0.2520	  0.05830
   0.2530	  0.05417
   0.2540	  0.05172
   0.2550	  0.04295
   0.2560	  0.03665
   0.2570	  0.04229
   0.2580	  0.04110
   0.2590	  0.04164
   0.2600	  0.03916
   0.2610	  0.04141
   0.2620	  0.03652
   0.2630	  0.03151
   0.2640	  0.03148
   0.2650	  0.03537
   0.2660	  0.03126
   0.2670	  0.03089
   0.2680	  0.03375
   0.2690	  0.03273
   0.2700	  0.03687
   0.2710	  0.03382
   0.2720	  0.03772
   0.2730	  0.02913
   0.2740	  0.03787
   0.2750	  0.04254
   0.2760	  0.04745
   0.2770	  0.04111
   0.2780	  0.04945
   0.2790	  0.05032
   0.2800	  0.05350
   0.2810	  0.04399
   0.2820	  0.04768
   0.2830	  0.04842
   0.2840	  0.05972
   0.2850	  0.06201
   0.2860	  0.05314
   0.2870	  0.04362
   0.2880	  0.04706
   0.2890	  0.05178
   0.2900	  0.04783
   0.2910	  0.03934
   0.2920	  0.04319
   0.2930	  0.03677
   0.2940	  0.03005
   0.2950	  0.03676
   0.2960	  0.03237
   0.2970	  0.03495
   0.2980	  0.04216
   0.2990	  0.03649
   0.3000	  0.03103
   0.3010	  0.04053
   0.3020	  0.03737
   0.3030	  0.03693
   0.3040	  0.03115
   0.3050	  0.03314
   0.3060	  0.04038
   0.3070	  0.03797
   0.3080	  0.03419
   0.3090	  0.03112
   0.3100	  0.04544
   0.3110	  0.04617
   0.3120	  0.03664
   0.3130	  0.04052
   0.3140	  0.03569
   0.3150	  0.03856
   0.3160	  0.04282
   0.3170	  0.04417
   0.3180	  0.04929
   0.3190	  0.05581
   0.3200	  0.05766
   0.3210	  0.06846
   0.3220	  0.07891
   0.3230	  0.06700
   0.3240	  0.05826
   0.3250	  0.06599
   0.3260	  0.06337
   0.3270	  0.05307
   0.3280	  0.04769
   0.3290	  0.04954
   0.3300	  0.04795
   0.3310	  0.03796
   0.3320	  0.05132
   0.3330	  0.04502
   0.3340	  0.03654
   0.3350	  0.03467
   0.3360	  0.03450
   0.3370	  0.03654
   0.3380	  0.03245
   0.3390	  0.03042
   0.3400	  0.03558
   0.3410	  0.03231
   0.3420	  0.02946
   0.3430	  0.02641
   0.3440	  0.03236
   0.3450	  0.03311
   0.3460	  0.04227
   0.3470	  0.02986
   0.3480	  0.02823
   0.3490	  0.03525
   0.3500	  0.03525
   0.3510	  0.02928
   0.3520	  0.03514
   0.3530	  0.03449
   0.3540	  0.03678
   0.3550	  0.03647
   0.3560	  0.03564
   0.3570	  0.03488
   0.3580	  0.03086
   0.3590	  0.03096
   0.3600	  0.02730
   0.3610	  0.02960
   0.3620	  0.03318
   0.3630	  0.03544
   0.3640	  0.03389
   0.3650	  0.03680
   0.3660	  0.03310
   0.3670	  0.02943
   0.3680	  0.03135
   0.3690	  0.03609
   0.3700	  0.03613
   0.3710	  0.04246
   0.3720	  0.02977
   0.3730	  0.03647
   0.3740	  0.03188
   0.3750	  0.03213
   0.3760	  0.03700
   0.3770	  0.03620
   0.3780	  0.03981
   0.3790	  0.04255
   0.3800	  0.03279
   0.3810	  0.03909
   0.3820	  0.03820
   0.3830	  0.03948
   0.3840	  0.04485
   0.3850	  0.04041
   0.3860	  0.04089
   0.3870	  0.04067
   0.3880	  0.04305
   0.3890	  0.03745
   0.3900	  0.03163
   0.3910	  0.03801
   0.3920	  0.04131
   0.3930	  0.03051
   0.3940	  0.02849
   0.3950	  0.03575
   0.3960	  0.03749
   0.3970	  0.04011
   0.3980	  0.03942
   0.3990	  0.05247
   0.4000	  0.04063
   0.4010	  0.04944
   0.4020	  0.04262
   0.4030	  0.03908
   0.4040	  0.03687
   0.4050	  0.03427
   0.4060	  0.03117
   0.4070	  0.02936
   0.4080	  0.03965
   0.4090	  0.03607
   0.4100	  0.03537
   0.4110	  0.03122
   0.4120	  0.03240
   0.4130	  0.02622
   0.4140	  0.02735
   0.4150	  0.03361
   0.4160	  0.03338
   0.4170	  0.02470
   0.4180	  0.02425
   0.4190	  0.02362
   0.4200	  0.02480
   0.4210	  0.02841
   0.4220	  0.02879
   0.4230	  0.02883
   0.4240	  0.04159
   0.4250	  0.03341
   0.4260	  0.02835
   0.4270	  0.03549
   0.4280	  0.03457
   0.4290	  0.03578
   0.4300	  0.03514
   0.4310	  0.04157
   0.4320	  0.04394
   0.4330	  0.04585
   0.4340	  0.04123
   0.4350	  0.04570
   0.4360	  0.03753
   0.4370	  0.03652
   0.4380	  0.03053
   0.4390	  0.03054
   0.4400	  0.02897
   0.4410	  0.03170
   0.4420	  0.02844
   0.4430	  0.02688
   0.4440	  0.02679
   0.4450	  0.02702
   0.4460	  0.03205
   0.4470	  0.03315
   0.4480	  0.03328
   0.4490	  0.02708
   0.4500	  0.03272
   0.4510	  0.03177
   0.4520	  0.02970
   0.4530	  0.02870
   0.4540	  0.02356
   0.4550	  0.02436
   0.4560	  0.03506
   0.4570	  0.03738
   0.4580	  0.02376
   0.4590	  0.02778
   0.4600	  0.02986
   0.4610	  0.03577
   0.4620	  0.02690
   0.4630	  0.02415
   0.4640	  0.02488
   0.4650	  0.02679
   0.4660	  0.02795
   0.4670	  0.02651
   0.4680	  0.02789
   0.4690	  0.02788
   0.4700	  0.03335
   0.4710	  0.03283
   0.4720	  0.03675
   0.4730	  0.03068
   0.4740	  0.03710
   0.4750	  0.02876
   0.4760	  0.02468
   0.4770	  0.02280
   0.4780	  0.02408
   0.4790	  0.02134
   0.4800	  0.02565
   0.4810	  0.02408
   0.4820	  0.02471
   0.4830	  0.02729
   0.4840	  0.02514
   0.4850	  0.02983
   0.4860	  0.03047
   0.4870	  0.02749
   0.4880	  0.02476
   0.4890	  0.02793
   0.4900	  0.02194
   0.4910	  0.03157
   0.4920	  0.02735
   0.4930	  0.02132
   0.4940	  0.02456
   0.4950	  0.02114
   0.4960	  0.01699
   0.4970	  0.01999
   0.4980	  0.01796
   0.4990	  0.01407
   0.5000	  0.01811
   0.5010	  0.02085
   0.5020	  0.02259
   0.5030	  0.02184
   0.5040	  0.02262
   0.5050	  0.02495
   0.5060	  0.02671
   0.5070	  0.03215
   0.5080	  0.02581
   0.5090	  0.02044
   0.5100	  0.02002
   0.5110	  0.02403
   0.5120	  0.02326
   0.5130	  0.02366
   0.5140	  0.02590
   0.5150	  0.03157
   0.5160	  0.03006
   0.5170	  0.01668
   0.5180	  0.02496
   0.5190	  0.02519
   0.5200	  0.02221
   0.5210	  0.02646
   0.5220	  0.02268
   0.5230	  0.02056
   0.5240	  0.02115
   0.5250	  0.01739
   0.5260	  0.01600
   0.5270	  0.01493
   0.5280	  0.01318
   0.5290	  0.01767
   0.5300	  0.01939
   0.5310	  0.03354
   0.5320	  0.03739
   0.5330	  0.02857
   0.5340	  0.02981
   0.5350	  0.02713
   0.5360	  0.02401
   0.5370	  0.02146
   0.5380	  0.02095
   0.5390	  0.01858
   0.5400	  0.02420
   0.5410	  0.02227
   0.5420	  0.02395
   0.5430	  0.01822
   0.5440	  0.02206
   0.5450	  0.01877
   0.5460	  0.01465
   0.5470	  0.01650
   0.5480	  0.01279
   0.5490	  0.00841
   0.5500	  0.01129
   0.5510	  0.01023
   0.5520	  0.00953
   0.5530	  0.01423
   0.5540	  0.01316
   0.5550	  0.01940
   0.5560	  0.01753
   0.5570	  0.01741
   0.5580	  0.01386
   0.5590	  0.01536
   0.5600	  0.01846
   0.5610	  0.01168
   0.5620	  0.01030
   0.5630	  0.01083
   0.5640	  0.01120
   0.5650	  0.01138
   0.5660	  0.01585
   0.5670	  0.02120
   0.5680	  0.01709
   0.5690	  0.02016
   0.5700	  0.02548
   0.5710	  0.02115
   0.5720	  0.02312
   0.5730	  0.02274
   0.5740	  0.02594
   0.5750	  0.02069
   0.5760	  0.02109
   0.5770	  0.02078
   0.5780	  0.01377
   0.5790	  0.01973
   0.5800	  0.01922
   0.5810	  0.01364
   0.5820	  0.00938
   0.5830	  0.01146
   0.5840	  0.01265
   0.5850	  0.01171
   0.5860	  0.01361
   0.5870	  0.01515
   0.5880	  0.01471
   0.5890	  0.01193
   0.5900	  0.02045
   0.5910	  0.01863
   0.5920	  0.01313
   0.5930	  0.02370
   0.5940	  0.01855
   0.5950	  0.01333
   0.5960	  0.01192
   0.5970	  0.01281
   0.5980	  0.01374
   0.5990	  0.00548
   0.6000	  0.00679
   0.6010	  0.00694
   0.6020	  0.00844
   0.6030	  0.01189
   0.6040	  0.00976
   0.6050	  0.01016
   0.6060	  0.00682
   0.6070	  0.01077
   0.6080	  0.01486
   0.6090	  0.01578
   0.6100	  0.01794
   0.6110	  0.02107
   0.6120	  0.01763
   0.6130	  0.01619
   0.6140	  0.01985
   0.6150	  0.02088
   0.6160	  0.02349
   0.6170	  0.02033
   0.6180	  0.01777
   0.6190	  0.01762
   0.6200	  0.01585
   0.6210	  0.01291
   0.6220	  0.01355
   0.6230	  0.01249
   0.6240	  0.01497
   0.6250	  0.01379
   0.6260	  0.01185
   0.6270	  0.01519
   0.6280	  0.01087
   0.6290	  0.01009
   0.6300	  0.01069
   0.6310	  0.01005
   0.6320	  0.00804
   0.6330	  0.00664
   0.6340	  0.01158
   0.6350	  0.01626
   0.6360	  0.01441
   0.6370	  0.00784
   0.6380	  0.01708
   0.6390	  0.02175
   0.6400	  0.02139
   0.6410	  0.01844
   0.6420	  0.02142
   0.6430	  0.01560
   0.6440	  0.01282
   0.6450	  0.01540
   0.6460	  0.01578
   0.6470	  0.01389
   0.6480	  0.01777
   0.6490	  0.01299
   0.6500	  0.01881
   0.6510	  0.02468
   0.6520	  0.02432
   0.6530	  0.01833
   0.6540	  0.01799
   0.6550	  0.01885
   0.6560	  0.01544
   0.6570	  0.01318
   0.6580	  0.00777
   0.6590	  0.01109
   0.6600	  0.01357
   0.6610	  0.01482
   0.6620	  0.01227
   0.6630	  0.01040
   0.6640	  0.00410
   0.6650	  0.00656
   0.6660	  0.00815
   0.6670	  0.01200
   0.6680	  0.01065
   0.6690	  0.01719
   0.6700	  0.01987
   0.6710	  0.02298
   0.6720	  0.02214
   0.6730	  0.01638
   0.6740	  0.01731
   0.6750	  0.01194
   0.6760	  0.01412
   0.6770	  0.01056
   0.6780	  0.01548
   0.6790	  0.01550
   0.6800	  0.01041
   0.6810	  0.01052
   0.6820	  0.00710
   0.6830	  0.00999
   0.6840	  0.01018
   0.6850	  0.01779
   0.6860	  0.01351
   0.6870	  0.01490
   0.6880	  0.01419
   0.6890	  0.01233
   0.6900	  0.01095
   0.6910	  0.01222
   0.6920	  0.01765
   0.6930	  0.01206
   0.6940	  0.01325
   0.6950	  0.01650
   0.6960	  0.00947
   0.6970	  0.01080
   0.6980	  0.01593
   0.6990	  0.01633
   0.7000	  0.01198
   0.7010	  0.01080
   0.7020	  0.01036
   0.7030	  0.00723
   0.7040	  0.01077
   0.7050	  0.00686
   0.7060	  0.00827
   0.7070	  0.00819
   0.7080	  0.01211
   0.7090	  0.01287
   0.7100	  0.00942
   0.7110	  0.00977
   0.7120	  0.01592
   0.7130	  0.01573
   0.7140	  0.02119
   0.7150	  0.01766
   0.7160	  0.02077
   0.7170	  0.02650
   0.7180	  0.03289
   0.7190	  0.02456
   0.7200	  0.02313
   0.7210	  0.01589
   0.7220	  0.01545
   0.7230	  0.01866
   0.7240	  0.02099
   0.7250	  0.02213
   0.7260	  0.02032
   0.7270	  0.02047
   0.7280	  0.02025
   0.7290	  0.01828
   0.7300	  0.01644
   0.7310	  0.01676
   0.7320	  0.01572
   0.7330	  0.01920
   0.7340	  0.01292
   0.7350	  0.01220
   0.7360	  0.01473
   0.7370	  0.00815
   0.7380	  0.00744
   0.7390	  0.01083
   0.7400	  0.01262
   0.7410	  0.01001
   0.7420	  0.01258
   0.7430	  0.01258
   0.7440	  0.00896
   0.7450	  0.00956
   0.7460	  0.00879
   0.7470	  0.00836
   0.7480	  0.01284
   0.7490	  0.01137
   0.7500	  0.01530
   0.7510	  0.01381
   0.7520	  0.01908
   0.7530	  0.02235
   0.7540	  0.01887
   0.7550	  0.01420
   0.7560	  0.01086
   0.7570	  0.01355
   0.7580	  0.01291
   0.7590	  0.01440
   0.7600	  0.00929
   0.7610	  0.01099
   0.7620	  0.01498
   0.7630	  0.01072
   0.7640	  0.00955
   0.7650	  0.00997
   0.7660	  0.00646
   0.7670	  0.00844
   0.7680	  0.00611
   0.7690	  0.00800
   0.7700	  0.01060
   0.7710	  0.00970
   0.7720	  0.01170
   0.7730	  0.00997
   0.7740	  0.01156
   0.7750	  0.01031
   0.7760	  0.01836
   0.7770	  0.01504
   0.7780	  0.01197
   0.7790	  0.01679
   0.7800	  0.01792
   0.7810	  0.02063
   0.7820	  0.02153
   0.7830	  0.02646
   0.7840	  0.02319
   0.7850	  0.02001
   0.7860	  0.01425
   0.7870	  0.01767
   0.7880	  0.01520
   0.7890	  0.02230
   0.7900	  0.02337
   0.7910	  0.02442
   0.7920	  0.01815
   0.7930	  0.02745
   0.7940	  0.02747
   0.7950	  0.03008
   0.7960	  0.02417
   0.7970	  0.02695
   0.7980	  0.01655
   0.7990	  0.02106
   0.8000	  0.01959
   0.8010	  0.01790
   0.8020	  0.01454
   0.8030	  0.01475
   0.8040	  0.01451
   0.8050	  0.00686
   0.8060	  0.00622
   0.8070	  0.00850
   0.8080	  0.01120
   0.8090	  0.00754
   0.8100	  0.00731
   0.8110	  0.00964
   0.8120	  0.01295
   0.8130	  0.01106
   0.8140	  0.01354
   0.8150	  0.01367
   0.8160	  0.01239
   0.8170	  0.01021
   0.8180	  0.00848
   0.8190	  0.01017
   0.8200	  0.01618
   0.8210	  0.01278
   0.8220	  0.00999
   0.8230	  0.00968
   0.8240	  0.01038
   0.8250	  0.01359
   0.8260	  0.00935
   0.8270	  0.01240
   0.8280	  0.01235
   0.8290	  0.01303
   0.8300	  0.01311
   0.8310	  0.01047
   0.8320	  0.01473
   0.8330	  0.01022
   0.8340	  0.01077
   0.8350	  0.01124
   0.8360	  0.00633
   0.8370	  0.01071
   0.8380	  0.00681
   0.8390	  0.00374
   0.8400	  0.00304
   0.8410	  0.00172
   0.8420	  0.00187
   0.8430	  0.00786
   0.8440	  0.00567
   0.8450	  0.00501
   0.8460	  0.00506
   0.8470	  0.01063
   0.8480	  0.00551
   0.8490	  0.00542
   0.8500	  0.00596
   0.8510	  0.00932
   0.8520	  0.01214
   0.8530	  0.01117
   0.8540	  0.01131
   0.8550	  0.00653
   0.8560	  0.01340
   0.8570	  0.00628
   0.8580	  0.00880
   0.8590	  0.01003
   0.8600	  0.00621
   0.8610	  0.00991
   0.8620	  0.00663
   0.8630	  0.00098
   0.8640	  0.01724
   0.8650	  0.01251
   0.8660	  0.01126
   0.8670	  0.01201
   0.8680	  0.00830
   0.8690	  0.00640
   0.8700	  0.00727
   0.8710	  0.00731
   0.8720	  0.00549
   0.8730	  0.00315
   0.8740	  0.00996
   0.8750	  0.01097
   0.8760	  0.01370
   0.8770	  0.01200
   0.8780	  0.01238
   0.8790	  0.01244
   0.8800	  0.00396
   0.8810	  0.01013
   0.8820	  0.00319
   0.8830	  0.00926
   0.8840	  0.01308
   0.8850	  0.00944
   0.8860	  0.01085
   0.8870	  0.00968
   0.8880	  0.01063
   0.8890	  0.00947
   0.8900	  0.00683
   0.8910	  0.01143
   0.8920	  0.00920
   0.8930	  0.01145
   0.8940	  0.01064
   0.8950	  0.00264
   0.8960	  0.01592
   0.8970	  0.00639
   0.8980	  0.01028
   0.8990	  0.00656
   0.9000	  0.00574
   0.9010	  0.00799
   0.9020	  0.00816
   0.9030	  0.01017
   0.9040	  0.00793
   0.9050	  0.01576
   0.9060	  0.00525
   0.9070	  0.00532
   0.9080	  0.00503
   0.9090	  0.01116
   0.9100	  0.00501
   0.9110	  0.00804
   0.9120	  0.00950
   0.9130	  0.01061
   0.9140	  0.01037
   0.9150	  0.01129
   0.9160	  0.01213
   0.9170	  0.01506
   0.9180	  0.01111
   0.9190	  0.02568
   0.9200	  0.01921
   0.9210	  0.01489
   0.9220	  0.01866
   0.9230	  0.02317
   0.9240	  0.02326
   0.9250	  0.02027
   0.9260	  0.01725
   0.9270	  0.01276
   0.9280	  0.01576
   0.9290	  0.00583
   0.9300	  0.00813
   0.9310	  0.00964
   0.9320	  0.00809
   0.9330	  0.01476
   0.9340	  0.01701
   0.9350	  0.01264
   0.9360	  0.01115
   0.9370	  0.01178
   0.9380	  0.01252
   0.9390	  0.01869
   0.9400	  0.01253
   0.9410	  0.00797
   0.9420	  0.00768
   0.9430	  0.00736
   0.9440	  0.00721
   0.9450	  0.00588
   0.9460	  0.00695
   0.9470	  0.00849
   0.9480	  0.00970
   0.9490	  0.01130
   0.9500	  0.01298
   0.9510	  0.01279
   0.9520	  0.01346
   0.9530	  0.01075
   0.9540	  0.01395
   0.9550	  0.00708
   0.9560	  0.00903
   0.9570	  0.00817
   0.9580	  0.00836
   0.9590	  0.00484
   0.9600	  0.00546
   0.9610	  0.00568
   0.9620	  0.00984
   0.9630	  0.00445
   0.9640	  0.01320
   0.9650	  0.00735
   0.9660	  0.00530
   0.9670	  0.00634
   0.9680	  0.00970
   0.9690	  0.00402
   0.9700	  0.00354
   0.9710	  0.00356
   0.9720	  0.00266
   0.9730	 -0.00171
   0.9740	  0.00209
   0.9750	  0.00026
   0.9760	  0.00171
   0.9770	  0.00524
   0.9780	  0.00431
   0.9790	  0.00245
   0.9800	  0.00117
   0.9810	  0.01032
   0.9820	  0.00187
   0.9830	  0.00267
   0.9840	  0.00816
   0.9850	  0.01088
   0.9860	  0.00705
   0.9870	  0.00643
   0.9880	  0.00433
   0.9890	  0.00291
   0.9900	  0.00534
   0.9910	  0.00673
   0.9920	  0.00882
   0.9930	  0.00880
   0.9940	  0.01166
   0.9950	  0.01334
   0.9960	  0.01458
   0.9970	  0.01395
   0.9980	  0.01993
   0.9990	  0.01516
   1.0000	  0.01837
