## Jackknife output: chrom 14
## Bin(cM)	Covariance
   0.0010	  0.06411
   0.0020	  0.11511
   0.0030	  0.12435
   0.0040	  0.12528
   0.0050	  0.12387
   0.0060	  0.11519
   0.0070	  0.11453
   0.0080	  0.11386
   0.0090	  0.11865
   0.0100	  0.12025
   0.0110	  0.11162
   0.0120	  0.09960
   0.0130	  0.11019
   0.0140	  0.10139
   0.0150	  0.09475
   0.0160	  0.09497
   0.0170	  0.09332
   0.0180	  0.09173
   0.0190	  0.09054
   0.0200	  0.09138
   0.0210	  0.09044
   0.0220	  0.09473
   0.0230	  0.08844
   0.0240	  0.10008
   0.0250	  0.09671
   0.0260	  0.11162
   0.0270	  0.10318
   0.0280	  0.09168
   0.0290	  0.09358
   0.0300	  0.09051
   0.0310	  0.09193
   0.0320	  0.09464
   0.0330	  0.09547
   0.0340	  0.09080
   0.0350	  0.08617
   0.0360	  0.09074
   0.0370	  0.08720
   0.0380	  0.09025
   0.0390	  0.08509
   0.0400	  0.09058
   0.0410	  0.09902
   0.0420	  0.09115
   0.0430	  0.08678
   0.0440	  0.08844
   0.0450	  0.09157
   0.0460	  0.10114
   0.0470	  0.09430
   0.0480	  0.08716
   0.0490	  0.10290
   0.0500	  0.09569
   0.0510	  0.08320
   0.0520	  0.08559
   0.0530	  0.08028
   0.0540	  0.08071
   0.0550	  0.07935
   0.0560	  0.07614
   0.0570	  0.08068
   0.0580	  0.08588
   0.0590	  0.08777
   0.0600	  0.08737
   0.0610	  0.08547
   0.0620	  0.08066
   0.0630	  0.08620
   0.0640	  0.07823
   0.0650	  0.08098
   0.0660	  0.06517
   0.0670	  0.06417
   0.0680	  0.06124
   0.0690	  0.07360
   0.0700	  0.08175
   0.0710	  0.08188
   0.0720	  0.08313
   0.0730	  0.07857
   0.0740	  0.07364
   0.0750	  0.07702
   0.0760	  0.07579
   0.0770	  0.07101
   0.0780	  0.08455
   0.0790	  0.09512
   0.0800	  0.08871
   0.0810	  0.09036
   0.0820	  0.07826
   0.0830	  0.08266
   0.0840	  0.08359
   0.0850	  0.08722
   0.0860	  0.07567
   0.0870	  0.07010
   0.0880	  0.07016
   0.0890	  0.06396
   0.0900	  0.07520
   0.0910	  0.08134
   0.0920	  0.07313
   0.0930	  0.06317
   0.0940	  0.07155
   0.0950	  0.08091
   0.0960	  0.08196
   0.0970	  0.06925
   0.0980	  0.06253
   0.0990	  0.06079
   0.1000	  0.06796
   0.1010	  0.07160
   0.1020	  0.06281
   0.1030	  0.06717
   0.1040	  0.08017
   0.1050	  0.06783
   0.1060	  0.07112
   0.1070	  0.07427
   0.1080	  0.06554
   0.1090	  0.06709
   0.1100	  0.06690
   0.1110	  0.06612
   0.1120	  0.06382
   0.1130	  0.06300
   0.1140	  0.06317
   0.1150	  0.05714
   0.1160	  0.06399
   0.1170	  0.06092
   0.1180	  0.07228
   0.1190	  0.07483
   0.1200	  0.07842
   0.1210	  0.07833
   0.1220	  0.07451
   0.1230	  0.08438
   0.1240	  0.08069
   0.1250	  0.07279
   0.1260	  0.07637
   0.1270	  0.07781
   0.1280	  0.08195
   0.1290	  0.08470
   0.1300	  0.09428
   0.1310	  0.08924
   0.1320	  0.09594
   0.1330	  0.09766
   0.1340	  0.09720
   0.1350	  0.07773
   0.1360	  0.07513
   0.1370	  0.06187
   0.1380	  0.06406
   0.1390	  0.07004
   0.1400	  0.06708
   0.1410	  0.06721
   0.1420	  0.06836
   0.1430	  0.05960
   0.1440	  0.06225
   0.1450	  0.06651
   0.1460	  0.05962
   0.1470	  0.06198
   0.1480	  0.05280
   0.1490	  0.06704
   0.1500	  0.06062
   0.1510	  0.06337
   0.1520	  0.06322
   0.1530	  0.06033
   0.1540	  0.06015
   0.1550	  0.05644
   0.1560	  0.05355
   0.1570	  0.05669
   0.1580	  0.04541
   0.1590	  0.04870
   0.1600	  0.04516
   0.1610	  0.05091
   0.1620	  0.05128
   0.1630	  0.05051
   0.1640	  0.05124
   0.1650	  0.05473
   0.1660	  0.05456
   0.1670	  0.06693
   0.1680	  0.06366
   0.1690	  0.06161
   0.1700	  0.06277
   0.1710	  0.05609
   0.1720	  0.05963
   0.1730	  0.05792
   0.1740	  0.05827
   0.1750	  0.05479
   0.1760	  0.05809
   0.1770	  0.05262
   0.1780	  0.05721
   0.1790	  0.05517
   0.1800	  0.06384
   0.1810	  0.06401
   0.1820	  0.05325
   0.1830	  0.05643
   0.1840	  0.05050
   0.1850	  0.05789
   0.1860	  0.06110
   0.1870	  0.05725
   0.1880	  0.05419
   0.1890	  0.05762
   0.1900	  0.06303
   0.1910	  0.05403
   0.1920	  0.04951
   0.1930	  0.05431
   0.1940	  0.05168
   0.1950	  0.04745
   0.1960	  0.04540
   0.1970	  0.04188
   0.1980	  0.05164
   0.1990	  0.05290
   0.2000	  0.04430
   0.2010	  0.03801
   0.2020	  0.04807
   0.2030	  0.04967
   0.2040	  0.04996
   0.2050	  0.05149
   0.2060	  0.05672
   0.2070	  0.06308
   0.2080	  0.06742
   0.2090	  0.06256
   0.2100	  0.06758
   0.2110	  0.07837
   0.2120	  0.07929
   0.2130	  0.06300
   0.2140	  0.06320
   0.2150	  0.05637
   0.2160	  0.05250
   0.2170	  0.04530
   0.2180	  0.04435
   0.2190	  0.04923
   0.2200	  0.05482
   0.2210	  0.04416
   0.2220	  0.04649
   0.2230	  0.04743
   0.2240	  0.04527
   0.2250	  0.05150
   0.2260	  0.04973
   0.2270	  0.04421
   0.2280	  0.04559
   0.2290	  0.04014
   0.2300	  0.03769
   0.2310	  0.04084
   0.2320	  0.04037
   0.2330	  0.04130
   0.2340	  0.05046
   0.2350	  0.04905
   0.2360	  0.04740
   0.2370	  0.05148
   0.2380	  0.06014
   0.2390	  0.05911
   0.2400	  0.06428
   0.2410	  0.06198
   0.2420	  0.07913
   0.2430	  0.05912
   0.2440	  0.05451
   0.2450	  0.04985
   0.2460	  0.05183
   0.2470	  0.06269
   0.2480	  0.05750
   0.2490	  0.05903
   0.2500	  0.05132
   0.2510	  0.05444
   0.2520	  0.05829
   0.2530	  0.05375
   0.2540	  0.05269
   0.2550	  0.04131
   0.2560	  0.03827
   0.2570	  0.04415
   0.2580	  0.04180
   0.2590	  0.04219
   0.2600	  0.03958
   0.2610	  0.04256
   0.2620	  0.03500
   0.2630	  0.03343
   0.2640	  0.03118
   0.2650	  0.03543
   0.2660	  0.02915
   0.2670	  0.03063
   0.2680	  0.03498
   0.2690	  0.03337
   0.2700	  0.03857
   0.2710	  0.03535
   0.2720	  0.03783
   0.2730	  0.02763
   0.2740	  0.03784
   0.2750	  0.04223
   0.2760	  0.04761
   0.2770	  0.04201
   0.2780	  0.05110
   0.2790	  0.05088
   0.2800	  0.05322
   0.2810	  0.04559
   0.2820	  0.04670
   0.2830	  0.04738
   0.2840	  0.05847
   0.2850	  0.05955
   0.2860	  0.05051
   0.2870	  0.04093
   0.2880	  0.04528
   0.2890	  0.05000
   0.2900	  0.04772
   0.2910	  0.03912
   0.2920	  0.04233
   0.2930	  0.03666
   0.2940	  0.03047
   0.2950	  0.03675
   0.2960	  0.03279
   0.2970	  0.03415
   0.2980	  0.04164
   0.2990	  0.03597
   0.3000	  0.03104
   0.3010	  0.03897
   0.3020	  0.03677
   0.3030	  0.03599
   0.3040	  0.03121
   0.3050	  0.03449
   0.3060	  0.03999
   0.3070	  0.03737
   0.3080	  0.03355
   0.3090	  0.03070
   0.3100	  0.04295
   0.3110	  0.04399
   0.3120	  0.03471
   0.3130	  0.03881
   0.3140	  0.03362
   0.3150	  0.03663
   0.3160	  0.04121
   0.3170	  0.04021
   0.3180	  0.04761
   0.3190	  0.05200
   0.3200	  0.05359
   0.3210	  0.06380
   0.3220	  0.07371
   0.3230	  0.06339
   0.3240	  0.05408
   0.3250	  0.05947
   0.3260	  0.05795
   0.3270	  0.04869
   0.3280	  0.04443
   0.3290	  0.04662
   0.3300	  0.04291
   0.3310	  0.03398
   0.3320	  0.04896
   0.3330	  0.04139
   0.3340	  0.03433
   0.3350	  0.03285
   0.3360	  0.03177
   0.3370	  0.03294
   0.3380	  0.03028
   0.3390	  0.02832
   0.3400	  0.03403
   0.3410	  0.03197
   0.3420	  0.02901
   0.3430	  0.02404
   0.3440	  0.02850
   0.3450	  0.03019
   0.3460	  0.04019
   0.3470	  0.02734
   0.3480	  0.02589
   0.3490	  0.03460
   0.3500	  0.03306
   0.3510	  0.02833
   0.3520	  0.03300
   0.3530	  0.03294
   0.3540	  0.03574
   0.3550	  0.03353
   0.3560	  0.03153
   0.3570	  0.03107
   0.3580	  0.02778
   0.3590	  0.02877
   0.3600	  0.02641
   0.3610	  0.02758
   0.3620	  0.03028
   0.3630	  0.03214
   0.3640	  0.03041
   0.3650	  0.03438
   0.3660	  0.03099
   0.3670	  0.02703
   0.3680	  0.02957
   0.3690	  0.03339
   0.3700	  0.03600
   0.3710	  0.04230
   0.3720	  0.03079
   0.3730	  0.03469
   0.3740	  0.03071
   0.3750	  0.03112
   0.3760	  0.03644
   0.3770	  0.03451
   0.3780	  0.04040
   0.3790	  0.04177
   0.3800	  0.03256
   0.3810	  0.03635
   0.3820	  0.03439
   0.3830	  0.03546
   0.3840	  0.04170
   0.3850	  0.03695
   0.3860	  0.03674
   0.3870	  0.03705
   0.3880	  0.03919
   0.3890	  0.03365
   0.3900	  0.02903
   0.3910	  0.03512
   0.3920	  0.03835
   0.3930	  0.02715
   0.3940	  0.02521
   0.3950	  0.03212
   0.3960	  0.03410
   0.3970	  0.03783
   0.3980	  0.03620
   0.3990	  0.04840
   0.4000	  0.03870
   0.4010	  0.04691
   0.4020	  0.03996
   0.4030	  0.03700
   0.4040	  0.03507
   0.4050	  0.03338
   0.4060	  0.02901
   0.4070	  0.02802
   0.4080	  0.03736
   0.4090	  0.03411
   0.4100	  0.03260
   0.4110	  0.02865
   0.4120	  0.03031
   0.4130	  0.02248
   0.4140	  0.02306
   0.4150	  0.02701
   0.4160	  0.02787
   0.4170	  0.01926
   0.4180	  0.01868
   0.4190	  0.01939
   0.4200	  0.02086
   0.4210	  0.02457
   0.4220	  0.02403
   0.4230	  0.02509
   0.4240	  0.03536
   0.4250	  0.02848
   0.4260	  0.02451
   0.4270	  0.03064
   0.4280	  0.02992
   0.4290	  0.03208
   0.4300	  0.03260
   0.4310	  0.03870
   0.4320	  0.04034
   0.4330	  0.04270
   0.4340	  0.03887
   0.4350	  0.04546
   0.4360	  0.03768
   0.4370	  0.03533
   0.4380	  0.03044
   0.4390	  0.02937
   0.4400	  0.02824
   0.4410	  0.03025
   0.4420	  0.02751
   0.4430	  0.02583
   0.4440	  0.02672
   0.4450	  0.02649
   0.4460	  0.03100
   0.4470	  0.03173
   0.4480	  0.03226
   0.4490	  0.02867
   0.4500	  0.03264
   0.4510	  0.03327
   0.4520	  0.03211
   0.4530	  0.03005
   0.4540	  0.02486
   0.4550	  0.02533
   0.4560	  0.03478
   0.4570	  0.03685
   0.4580	  0.02298
   0.4590	  0.02636
   0.4600	  0.03009
   0.4610	  0.03378
   0.4620	  0.02621
   0.4630	  0.02352
   0.4640	  0.02534
   0.4650	  0.02721
   0.4660	  0.02785
   0.4670	  0.02699
   0.4680	  0.02813
   0.4690	  0.02721
   0.4700	  0.03275
   0.4710	  0.03197
   0.4720	  0.03617
   0.4730	  0.03098
   0.4740	  0.03530
   0.4750	  0.02693
   0.4760	  0.02241
   0.4770	  0.02194
   0.4780	  0.02447
   0.4790	  0.02097
   0.4800	  0.02468
   0.4810	  0.02386
   0.4820	  0.02510
   0.4830	  0.02714
   0.4840	  0.02475
   0.4850	  0.02805
   0.4860	  0.02817
   0.4870	  0.02502
   0.4880	  0.02261
   0.4890	  0.02580
   0.4900	  0.01870
   0.4910	  0.02963
   0.4920	  0.02599
   0.4930	  0.02092
   0.4940	  0.02216
   0.4950	  0.02049
   0.4960	  0.01553
   0.4970	  0.01835
   0.4980	  0.01691
   0.4990	  0.01198
   0.5000	  0.01675
   0.5010	  0.02006
   0.5020	  0.02200
   0.5030	  0.02171
   0.5040	  0.02267
   0.5050	  0.02359
   0.5060	  0.02531
   0.5070	  0.03029
   0.5080	  0.02396
   0.5090	  0.01933
   0.5100	  0.01903
   0.5110	  0.02283
   0.5120	  0.02166
   0.5130	  0.02181
   0.5140	  0.02476
   0.5150	  0.03088
   0.5160	  0.02962
   0.5170	  0.01692
   0.5180	  0.02470
   0.5190	  0.02422
   0.5200	  0.02202
   0.5210	  0.02535
   0.5220	  0.02200
   0.5230	  0.02096
   0.5240	  0.02165
   0.5250	  0.01803
   0.5260	  0.01675
   0.5270	  0.01574
   0.5280	  0.01375
   0.5290	  0.01823
   0.5300	  0.02018
   0.5310	  0.03186
   0.5320	  0.03607
   0.5330	  0.02683
   0.5340	  0.02892
   0.5350	  0.02635
   0.5360	  0.02378
   0.5370	  0.02109
   0.5380	  0.02088
   0.5390	  0.01815
   0.5400	  0.02457
   0.5410	  0.02310
   0.5420	  0.02238
   0.5430	  0.01752
   0.5440	  0.02088
   0.5450	  0.01862
   0.5460	  0.01391
   0.5470	  0.01714
   0.5480	  0.01296
   0.5490	  0.00899
   0.5500	  0.01114
   0.5510	  0.00954
   0.5520	  0.00942
   0.5530	  0.01468
   0.5540	  0.01253
   0.5550	  0.01872
   0.5560	  0.01660
   0.5570	  0.01738
   0.5580	  0.01410
   0.5590	  0.01511
   0.5600	  0.01826
   0.5610	  0.01192
   0.5620	  0.01064
   0.5630	  0.01119
   0.5640	  0.01116
   0.5650	  0.01146
   0.5660	  0.01546
   0.5670	  0.02053
   0.5680	  0.01705
   0.5690	  0.02000
   0.5700	  0.02471
   0.5710	  0.02181
   0.5720	  0.02217
   0.5730	  0.02259
   0.5740	  0.02535
   0.5750	  0.01838
   0.5760	  0.02026
   0.5770	  0.01914
   0.5780	  0.01292
   0.5790	  0.01826
   0.5800	  0.01801
   0.5810	  0.01170
   0.5820	  0.00804
   0.5830	  0.01050
   0.5840	  0.01217
   0.5850	  0.01072
   0.5860	  0.01284
   0.5870	  0.01445
   0.5880	  0.01557
   0.5890	  0.01110
   0.5900	  0.02045
   0.5910	  0.01788
   0.5920	  0.01295
   0.5930	  0.02212
   0.5940	  0.01799
   0.5950	  0.01157
   0.5960	  0.01185
   0.5970	  0.01159
   0.5980	  0.01185
   0.5990	  0.00455
   0.6000	  0.00655
   0.6010	  0.00640
   0.6020	  0.00751
   0.6030	  0.01104
   0.6040	  0.00872
   0.6050	  0.00986
   0.6060	  0.00639
   0.6070	  0.01032
   0.6080	  0.01466
   0.6090	  0.01461
   0.6100	  0.01723
   0.6110	  0.02058
   0.6120	  0.01551
   0.6130	  0.01450
   0.6140	  0.01828
   0.6150	  0.01980
   0.6160	  0.02213
   0.6170	  0.01957
   0.6180	  0.01610
   0.6190	  0.01571
   0.6200	  0.01435
   0.6210	  0.01178
   0.6220	  0.01154
   0.6230	  0.01126
   0.6240	  0.01339
   0.6250	  0.01271
   0.6260	  0.01063
   0.6270	  0.01355
   0.6280	  0.01121
   0.6290	  0.00903
   0.6300	  0.01003
   0.6310	  0.00974
   0.6320	  0.00782
   0.6330	  0.00574
   0.6340	  0.00959
   0.6350	  0.01421
   0.6360	  0.01182
   0.6370	  0.00533
   0.6380	  0.01333
   0.6390	  0.01742
   0.6400	  0.01969
   0.6410	  0.01779
   0.6420	  0.01981
   0.6430	  0.01500
   0.6440	  0.01185
   0.6450	  0.01480
   0.6460	  0.01506
   0.6470	  0.01338
   0.6480	  0.01658
   0.6490	  0.01154
   0.6500	  0.01708
   0.6510	  0.02298
   0.6520	  0.02248
   0.6530	  0.01759
   0.6540	  0.01674
   0.6550	  0.01856
   0.6560	  0.01438
   0.6570	  0.01239
   0.6580	  0.00803
   0.6590	  0.01114
   0.6600	  0.01237
   0.6610	  0.01369
   0.6620	  0.01142
   0.6630	  0.00913
   0.6640	  0.00400
   0.6650	  0.00565
   0.6660	  0.00651
   0.6670	  0.01060
   0.6680	  0.00871
   0.6690	  0.01518
   0.6700	  0.01742
   0.6710	  0.02011
   0.6720	  0.02027
   0.6730	  0.01435
   0.6740	  0.01555
   0.6750	  0.01029
   0.6760	  0.01330
   0.6770	  0.00960
   0.6780	  0.01472
   0.6790	  0.01566
   0.6800	  0.01091
   0.6810	  0.00979
   0.6820	  0.00681
   0.6830	  0.01035
   0.6840	  0.00914
   0.6850	  0.01648
   0.6860	  0.01390
   0.6870	  0.01513
   0.6880	  0.01329
   0.6890	  0.01116
   0.6900	  0.01054
   0.6910	  0.01243
   0.6920	  0.01645
   0.6930	  0.01115
   0.6940	  0.01243
   0.6950	  0.01722
   0.6960	  0.00969
   0.6970	  0.01225
   0.6980	  0.01611
   0.6990	  0.01635
   0.7000	  0.01330
   0.7010	  0.01060
   0.7020	  0.00853
   0.7030	  0.00688
   0.7040	  0.01064
   0.7050	  0.00672
   0.7060	  0.00799
   0.7070	  0.00932
   0.7080	  0.01281
   0.7090	  0.01228
   0.7100	  0.00911
   0.7110	  0.00854
   0.7120	  0.01532
   0.7130	  0.01465
   0.7140	  0.02024
   0.7150	  0.01641
   0.7160	  0.01887
   0.7170	  0.02521
   0.7180	  0.03082
   0.7190	  0.02283
   0.7200	  0.02126
   0.7210	  0.01503
   0.7220	  0.01386
   0.7230	  0.01751
   0.7240	  0.01998
   0.7250	  0.02068
   0.7260	  0.01907
   0.7270	  0.01958
   0.7280	  0.01784
   0.7290	  0.01657
   0.7300	  0.01423
   0.7310	  0.01492
   0.7320	  0.01376
   0.7330	  0.01753
   0.7340	  0.01107
   0.7350	  0.01067
   0.7360	  0.01296
   0.7370	  0.00775
   0.7380	  0.00620
   0.7390	  0.00930
   0.7400	  0.01093
   0.7410	  0.00883
   0.7420	  0.01116
   0.7430	  0.01080
   0.7440	  0.00777
   0.7450	  0.00771
   0.7460	  0.00924
   0.7470	  0.00737
   0.7480	  0.01272
   0.7490	  0.01095
   0.7500	  0.01474
   0.7510	  0.01381
   0.7520	  0.01850
   0.7530	  0.02174
   0.7540	  0.01754
   0.7550	  0.01314
   0.7560	  0.01136
   0.7570	  0.01311
   0.7580	  0.01143
   0.7590	  0.01347
   0.7600	  0.00846
   0.7610	  0.00876
   0.7620	  0.01409
   0.7630	  0.00995
   0.7640	  0.01052
   0.7650	  0.01094
   0.7660	  0.00760
   0.7670	  0.00928
   0.7680	  0.00889
   0.7690	  0.00918
   0.7700	  0.00997
   0.7710	  0.01068
   0.7720	  0.01174
   0.7730	  0.00906
   0.7740	  0.01051
   0.7750	  0.00780
   0.7760	  0.01723
   0.7770	  0.01325
   0.7780	  0.01138
   0.7790	  0.01482
   0.7800	  0.01545
   0.7810	  0.01899
   0.7820	  0.01949
   0.7830	  0.02482
   0.7840	  0.02264
   0.7850	  0.01912
   0.7860	  0.01367
   0.7870	  0.01725
   0.7880	  0.01433
   0.7890	  0.02167
   0.7900	  0.02308
   0.7910	  0.02388
   0.7920	  0.01795
   0.7930	  0.02545
   0.7940	  0.02551
   0.7950	  0.02837
   0.7960	  0.02270
   0.7970	  0.02538
   0.7980	  0.01593
   0.7990	  0.01986
   0.8000	  0.01791
   0.8010	  0.01657
   0.8020	  0.01410
   0.8030	  0.01440
   0.8040	  0.01354
   0.8050	  0.00742
   0.8060	  0.00991
   0.8070	  0.00851
   0.8080	  0.01233
   0.8090	  0.00822
   0.8100	  0.00878
   0.8110	  0.00914
   0.8120	  0.01306
   0.8130	  0.01205
   0.8140	  0.01516
   0.8150	  0.01456
   0.8160	  0.01539
   0.8170	  0.01199
   0.8180	  0.00870
   0.8190	  0.01176
   0.8200	  0.01915
   0.8210	  0.01402
   0.8220	  0.00834
   0.8230	  0.01128
   0.8240	  0.01048
   0.8250	  0.01597
   0.8260	  0.01264
   0.8270	  0.01691
   0.8280	  0.01724
   0.8290	  0.01783
   0.8300	  0.01363
   0.8310	  0.01079
   0.8320	  0.01471
   0.8330	  0.01002
   0.8340	  0.01305
   0.8350	  0.01253
   0.8360	  0.00580
   0.8370	  0.01129
   0.8380	  0.00813
   0.8390	  0.00441
   0.8400	  0.00429
   0.8410	  0.00227
   0.8420	  0.00359
   0.8430	  0.01098
   0.8440	  0.00495
   0.8450	  0.00528
   0.8460	  0.00434
   0.8470	  0.01035
   0.8480	  0.00453
   0.8490	  0.00513
   0.8500	  0.00662
   0.8510	  0.00934
   0.8520	  0.01135
   0.8530	  0.01002
   0.8540	  0.00988
   0.8550	  0.00483
   0.8560	  0.01166
   0.8570	  0.00495
   0.8580	  0.00801
   0.8590	  0.00889
   0.8600	  0.00615
   0.8610	  0.00984
   0.8620	  0.00698
   0.8630	  0.00168
   0.8640	  0.01639
   0.8650	  0.01267
   0.8660	  0.01088
   0.8670	  0.01170
   0.8680	  0.00642
   0.8690	  0.00455
   0.8700	  0.00525
   0.8710	  0.00559
   0.8720	  0.00381
   0.8730	  0.00171
   0.8740	  0.00821
   0.8750	  0.00907
   0.8760	  0.01232
   0.8770	  0.01114
   0.8780	  0.01135
   0.8790	  0.01056
   0.8800	  0.00275
   0.8810	  0.00907
   0.8820	  0.00257
   0.8830	  0.00749
   0.8840	  0.01192
   0.8850	  0.00852
   0.8860	  0.00947
   0.8870	  0.00853
   0.8880	  0.01029
   0.8890	  0.00845
   0.8900	  0.00626
   0.8910	  0.00989
   0.8920	  0.00854
   0.8930	  0.01079
   0.8940	  0.01062
   0.8950	  0.00341
   0.8960	  0.01570
   0.8970	  0.00677
   0.8980	  0.01067
   0.8990	  0.00717
   0.9000	  0.00540
   0.9010	  0.00794
   0.9020	  0.00779
   0.9030	  0.00888
   0.9040	  0.00774
   0.9050	  0.01457
   0.9060	  0.00437
   0.9070	  0.00505
   0.9080	  0.00461
   0.9090	  0.01124
   0.9100	  0.00523
   0.9110	  0.00736
   0.9120	  0.00933
   0.9130	  0.01081
   0.9140	  0.00936
   0.9150	  0.01214
   0.9160	  0.01264
   0.9170	  0.01464
   0.9180	  0.01110
   0.9190	  0.02404
   0.9200	  0.01712
   0.9210	  0.01287
   0.9220	  0.01695
   0.9230	  0.01962
   0.9240	  0.02041
   0.9250	  0.01798
   0.9260	  0.01428
   0.9270	  0.01141
   0.9280	  0.01402
   0.9290	  0.00515
   0.9300	  0.00813
   0.9310	  0.00801
   0.9320	  0.00681
   0.9330	  0.01257
   0.9340	  0.01515
   0.9350	  0.01080
   0.9360	  0.00975
   0.9370	  0.01042
   0.9380	  0.01196
   0.9390	  0.01643
   0.9400	  0.01147
   0.9410	  0.00593
   0.9420	  0.00697
   0.9430	  0.00734
   0.9440	  0.00644
   0.9450	  0.00642
   0.9460	  0.00647
   0.9470	  0.00699
   0.9480	  0.00887
   0.9490	  0.00954
   0.9500	  0.01173
   0.9510	  0.01158
   0.9520	  0.01139
   0.9530	  0.01060
   0.9540	  0.01302
   0.9550	  0.00649
   0.9560	  0.00849
   0.9570	  0.00783
   0.9580	  0.00709
   0.9590	  0.00457
   0.9600	  0.00501
   0.9610	  0.00511
   0.9620	  0.00922
   0.9630	  0.00467
   0.9640	  0.01300
   0.9650	  0.00769
   0.9660	  0.00465
   0.9670	  0.00602
   0.9680	  0.00931
   0.9690	  0.00427
   0.9700	  0.00313
   0.9710	  0.00291
   0.9720	  0.00177
   0.9730	 -0.00090
   0.9740	  0.00183
   0.9750	 -0.00003
   0.9760	  0.00227
   0.9770	  0.00429
   0.9780	  0.00321
   0.9790	  0.00353
   0.9800	  0.00048
   0.9810	  0.00989
   0.9820	  0.00136
   0.9830	  0.00196
   0.9840	  0.00873
   0.9850	  0.01014
   0.9860	  0.00653
   0.9870	  0.00601
   0.9880	  0.00400
   0.9890	  0.00232
   0.9900	  0.00442
   0.9910	  0.00628
   0.9920	  0.00853
   0.9930	  0.00890
   0.9940	  0.01150
   0.9950	  0.01240
   0.9960	  0.01350
   0.9970	  0.01427
   0.9980	  0.01934
   0.9990	  0.01333
   1.0000	  0.01708
