## Jackknife output: chrom 18
## Bin(cM)	Covariance
   0.0010	  0.06336
   0.0020	  0.11381
   0.0030	  0.12270
   0.0040	  0.12430
   0.0050	  0.12255
   0.0060	  0.11404
   0.0070	  0.11276
   0.0080	  0.11291
   0.0090	  0.11811
   0.0100	  0.11928
   0.0110	  0.10899
   0.0120	  0.09941
   0.0130	  0.10998
   0.0140	  0.10217
   0.0150	  0.09380
   0.0160	  0.09351
   0.0170	  0.09265
   0.0180	  0.09223
   0.0190	  0.09039
   0.0200	  0.09070
   0.0210	  0.08962
   0.0220	  0.09401
   0.0230	  0.08925
   0.0240	  0.09993
   0.0250	  0.09428
   0.0260	  0.10832
   0.0270	  0.10216
   0.0280	  0.09124
   0.0290	  0.09169
   0.0300	  0.08769
   0.0310	  0.08792
   0.0320	  0.08728
   0.0330	  0.08869
   0.0340	  0.08381
   0.0350	  0.08194
   0.0360	  0.08877
   0.0370	  0.08424
   0.0380	  0.08903
   0.0390	  0.08410
   0.0400	  0.08881
   0.0410	  0.09540
   0.0420	  0.08783
   0.0430	  0.08112
   0.0440	  0.08349
   0.0450	  0.08677
   0.0460	  0.09646
   0.0470	  0.08899
   0.0480	  0.08408
   0.0490	  0.09966
   0.0500	  0.09267
   0.0510	  0.08140
   0.0520	  0.08489
   0.0530	  0.07754
   0.0540	  0.07860
   0.0550	  0.07786
   0.0560	  0.07443
   0.0570	  0.07954
   0.0580	  0.08438
   0.0590	  0.08539
   0.0600	  0.08501
   0.0610	  0.08372
   0.0620	  0.08045
   0.0630	  0.08430
   0.0640	  0.07720
   0.0650	  0.07947
   0.0660	  0.06391
   0.0670	  0.06322
   0.0680	  0.06059
   0.0690	  0.07254
   0.0700	  0.08075
   0.0710	  0.08161
   0.0720	  0.08227
   0.0730	  0.07862
   0.0740	  0.07263
   0.0750	  0.07527
   0.0760	  0.07581
   0.0770	  0.06870
   0.0780	  0.08237
   0.0790	  0.09295
   0.0800	  0.08799
   0.0810	  0.08910
   0.0820	  0.07694
   0.0830	  0.08073
   0.0840	  0.08205
   0.0850	  0.08526
   0.0860	  0.07448
   0.0870	  0.06985
   0.0880	  0.07166
   0.0890	  0.06333
   0.0900	  0.07359
   0.0910	  0.08056
   0.0920	  0.07200
   0.0930	  0.06228
   0.0940	  0.07105
   0.0950	  0.07995
   0.0960	  0.08165
   0.0970	  0.06898
   0.0980	  0.06245
   0.0990	  0.06091
   0.1000	  0.06720
   0.1010	  0.07049
   0.1020	  0.06195
   0.1030	  0.06640
   0.1040	  0.07816
   0.1050	  0.06727
   0.1060	  0.06956
   0.1070	  0.07285
   0.1080	  0.06484
   0.1090	  0.06629
   0.1100	  0.06615
   0.1110	  0.06642
   0.1120	  0.06495
   0.1130	  0.06374
   0.1140	  0.06347
   0.1150	  0.05598
   0.1160	  0.06314
   0.1170	  0.06173
   0.1180	  0.07122
   0.1190	  0.07294
   0.1200	  0.07733
   0.1210	  0.07810
   0.1220	  0.07561
   0.1230	  0.08422
   0.1240	  0.08054
   0.1250	  0.07201
   0.1260	  0.07578
   0.1270	  0.07674
   0.1280	  0.08056
   0.1290	  0.08261
   0.1300	  0.09334
   0.1310	  0.08763
   0.1320	  0.09376
   0.1330	  0.09524
   0.1340	  0.09416
   0.1350	  0.07614
   0.1360	  0.07235
   0.1370	  0.06041
   0.1380	  0.06178
   0.1390	  0.06893
   0.1400	  0.06704
   0.1410	  0.06602
   0.1420	  0.06670
   0.1430	  0.05753
   0.1440	  0.06092
   0.1450	  0.06640
   0.1460	  0.05824
   0.1470	  0.06129
   0.1480	  0.05192
   0.1490	  0.06668
   0.1500	  0.05967
   0.1510	  0.06156
   0.1520	  0.06458
   0.1530	  0.06057
   0.1540	  0.06232
   0.1550	  0.05659
   0.1560	  0.05324
   0.1570	  0.05627
   0.1580	  0.04771
   0.1590	  0.05001
   0.1600	  0.04745
   0.1610	  0.05278
   0.1620	  0.05205
   0.1630	  0.05284
   0.1640	  0.05520
   0.1650	  0.06018
   0.1660	  0.05753
   0.1670	  0.07105
   0.1680	  0.06771
   0.1690	  0.06395
   0.1700	  0.06330
   0.1710	  0.05624
   0.1720	  0.06114
   0.1730	  0.05871
   0.1740	  0.05835
   0.1750	  0.05274
   0.1760	  0.05825
   0.1770	  0.05272
   0.1780	  0.05705
   0.1790	  0.05392
   0.1800	  0.06382
   0.1810	  0.06398
   0.1820	  0.05258
   0.1830	  0.05478
   0.1840	  0.04907
   0.1850	  0.05608
   0.1860	  0.05916
   0.1870	  0.05666
   0.1880	  0.05327
   0.1890	  0.05875
   0.1900	  0.06285
   0.1910	  0.05415
   0.1920	  0.04923
   0.1930	  0.05369
   0.1940	  0.05079
   0.1950	  0.04771
   0.1960	  0.04430
   0.1970	  0.04099
   0.1980	  0.05072
   0.1990	  0.05310
   0.2000	  0.04525
   0.2010	  0.03770
   0.2020	  0.04843
   0.2030	  0.04993
   0.2040	  0.04969
   0.2050	  0.05127
   0.2060	  0.05692
   0.2070	  0.06239
   0.2080	  0.06628
   0.2090	  0.06192
   0.2100	  0.06645
   0.2110	  0.07836
   0.2120	  0.07918
   0.2130	  0.06304
   0.2140	  0.06245
   0.2150	  0.05591
   0.2160	  0.05279
   0.2170	  0.04574
   0.2180	  0.04464
   0.2190	  0.05024
   0.2200	  0.05537
   0.2210	  0.04463
   0.2220	  0.04779
   0.2230	  0.04781
   0.2240	  0.04575
   0.2250	  0.05163
   0.2260	  0.04936
   0.2270	  0.04568
   0.2280	  0.04679
   0.2290	  0.04001
   0.2300	  0.03782
   0.2310	  0.04171
   0.2320	  0.04033
   0.2330	  0.04110
   0.2340	  0.04939
   0.2350	  0.04824
   0.2360	  0.04631
   0.2370	  0.05014
   0.2380	  0.05889
   0.2390	  0.05823
   0.2400	  0.06278
   0.2410	  0.06182
   0.2420	  0.07768
   0.2430	  0.05904
   0.2440	  0.05439
   0.2450	  0.05009
   0.2460	  0.05111
   0.2470	  0.06158
   0.2480	  0.05606
   0.2490	  0.05854
   0.2500	  0.05082
   0.2510	  0.05383
   0.2520	  0.05833
   0.2530	  0.05275
   0.2540	  0.05205
   0.2550	  0.04195
   0.2560	  0.03783
   0.2570	  0.04178
   0.2580	  0.03999
   0.2590	  0.04189
   0.2600	  0.03835
   0.2610	  0.04224
   0.2620	  0.03551
   0.2630	  0.03272
   0.2640	  0.03087
   0.2650	  0.03504
   0.2660	  0.02915
   0.2670	  0.02957
   0.2680	  0.03392
   0.2690	  0.03312
   0.2700	  0.03806
   0.2710	  0.03498
   0.2720	  0.03698
   0.2730	  0.02818
   0.2740	  0.03644
   0.2750	  0.04099
   0.2760	  0.04654
   0.2770	  0.03933
   0.2780	  0.04638
   0.2790	  0.04777
   0.2800	  0.05122
   0.2810	  0.04317
   0.2820	  0.04504
   0.2830	  0.04481
   0.2840	  0.05643
   0.2850	  0.05753
   0.2860	  0.04852
   0.2870	  0.04088
   0.2880	  0.04481
   0.2890	  0.04903
   0.2900	  0.04598
   0.2910	  0.03722
   0.2920	  0.03908
   0.2930	  0.03529
   0.2940	  0.02898
   0.2950	  0.03516
   0.2960	  0.03045
   0.2970	  0.03286
   0.2980	  0.03996
   0.2990	  0.03539
   0.3000	  0.02974
   0.3010	  0.03825
   0.3020	  0.03588
   0.3030	  0.03644
   0.3040	  0.02991
   0.3050	  0.03326
   0.3060	  0.03854
   0.3070	  0.03662
   0.3080	  0.03248
   0.3090	  0.03027
   0.3100	  0.04196
   0.3110	  0.04262
   0.3120	  0.03291
   0.3130	  0.03779
   0.3140	  0.03290
   0.3150	  0.03591
   0.3160	  0.03999
   0.3170	  0.04060
   0.3180	  0.04714
   0.3190	  0.05119
   0.3200	  0.05352
   0.3210	  0.06344
   0.3220	  0.07255
   0.3230	  0.06191
   0.3240	  0.05325
   0.3250	  0.06041
   0.3260	  0.05834
   0.3270	  0.04947
   0.3280	  0.04499
   0.3290	  0.04689
   0.3300	  0.04508
   0.3310	  0.03491
   0.3320	  0.04839
   0.3330	  0.04017
   0.3340	  0.03350
   0.3350	  0.03239
   0.3360	  0.03089
   0.3370	  0.03225
   0.3380	  0.02987
   0.3390	  0.02760
   0.3400	  0.03372
   0.3410	  0.03166
   0.3420	  0.02880
   0.3430	  0.02476
   0.3440	  0.02808
   0.3450	  0.02963
   0.3460	  0.03949
   0.3470	  0.02738
   0.3480	  0.02507
   0.3490	  0.03367
   0.3500	  0.03194
   0.3510	  0.02796
   0.3520	  0.03244
   0.3530	  0.03227
   0.3540	  0.03479
   0.3550	  0.03311
   0.3560	  0.03080
   0.3570	  0.03139
   0.3580	  0.02818
   0.3590	  0.02882
   0.3600	  0.02624
   0.3610	  0.02788
   0.3620	  0.03084
   0.3630	  0.03232
   0.3640	  0.03057
   0.3650	  0.03445
   0.3660	  0.03098
   0.3670	  0.02750
   0.3680	  0.02957
   0.3690	  0.03311
   0.3700	  0.03480
   0.3710	  0.04112
   0.3720	  0.02953
   0.3730	  0.03432
   0.3740	  0.03147
   0.3750	  0.03185
   0.3760	  0.03636
   0.3770	  0.03448
   0.3780	  0.04015
   0.3790	  0.04111
   0.3800	  0.03259
   0.3810	  0.03623
   0.3820	  0.03427
   0.3830	  0.03539
   0.3840	  0.04092
   0.3850	  0.03698
   0.3860	  0.03658
   0.3870	  0.03661
   0.3880	  0.03864
   0.3890	  0.03320
   0.3900	  0.02838
   0.3910	  0.03435
   0.3920	  0.03701
   0.3930	  0.02715
   0.3940	  0.02474
   0.3950	  0.03128
   0.3960	  0.03334
   0.3970	  0.03620
   0.3980	  0.03579
   0.3990	  0.04747
   0.4000	  0.03811
   0.4010	  0.04592
   0.4020	  0.03942
   0.4030	  0.03597
   0.4040	  0.03424
   0.4050	  0.03248
   0.4060	  0.02906
   0.4070	  0.02743
   0.4080	  0.03664
   0.4090	  0.03315
   0.4100	  0.03188
   0.4110	  0.02748
   0.4120	  0.03009
   0.4130	  0.02267
   0.4140	  0.02346
   0.4150	  0.02829
   0.4160	  0.02874
   0.4170	  0.02038
   0.4180	  0.02056
   0.4190	  0.01998
   0.4200	  0.02150
   0.4210	  0.02558
   0.4220	  0.02482
   0.4230	  0.02567
   0.4240	  0.03694
   0.4250	  0.02954
   0.4260	  0.02415
   0.4270	  0.03092
   0.4280	  0.03044
   0.4290	  0.03192
   0.4300	  0.03240
   0.4310	  0.03744
   0.4320	  0.03980
   0.4330	  0.04157
   0.4340	  0.03836
   0.4350	  0.04435
   0.4360	  0.03643
   0.4370	  0.03385
   0.4380	  0.02934
   0.4390	  0.02812
   0.4400	  0.02725
   0.4410	  0.02921
   0.4420	  0.02594
   0.4430	  0.02455
   0.4440	  0.02527
   0.4450	  0.02542
   0.4460	  0.03101
   0.4470	  0.03162
   0.4480	  0.03181
   0.4490	  0.02755
   0.4500	  0.03201
   0.4510	  0.03294
   0.4520	  0.03203
   0.4530	  0.02990
   0.4540	  0.02491
   0.4550	  0.02510
   0.4560	  0.03405
   0.4570	  0.03602
   0.4580	  0.02229
   0.4590	  0.02552
   0.4600	  0.02939
   0.4610	  0.03327
   0.4620	  0.02516
   0.4630	  0.02241
   0.4640	  0.02381
   0.4650	  0.02604
   0.4660	  0.02617
   0.4670	  0.02498
   0.4680	  0.02585
   0.4690	  0.02576
   0.4700	  0.03052
   0.4710	  0.02971
   0.4720	  0.03419
   0.4730	  0.02908
   0.4740	  0.03354
   0.4750	  0.02503
   0.4760	  0.02173
   0.4770	  0.02072
   0.4780	  0.02297
   0.4790	  0.01936
   0.4800	  0.02334
   0.4810	  0.02236
   0.4820	  0.02441
   0.4830	  0.02676
   0.4840	  0.02590
   0.4850	  0.02961
   0.4860	  0.02901
   0.4870	  0.02521
   0.4880	  0.02314
   0.4890	  0.02576
   0.4900	  0.01906
   0.4910	  0.02842
   0.4920	  0.02517
   0.4930	  0.01993
   0.4940	  0.02120
   0.4950	  0.01908
   0.4960	  0.01431
   0.4970	  0.01716
   0.4980	  0.01470
   0.4990	  0.01051
   0.5000	  0.01557
   0.5010	  0.01837
   0.5020	  0.02025
   0.5030	  0.02119
   0.5040	  0.02205
   0.5050	  0.02294
   0.5060	  0.02458
   0.5070	  0.02944
   0.5080	  0.02334
   0.5090	  0.01818
   0.5100	  0.01791
   0.5110	  0.02161
   0.5120	  0.02041
   0.5130	  0.02031
   0.5140	  0.02346
   0.5150	  0.02946
   0.5160	  0.02800
   0.5170	  0.01629
   0.5180	  0.02420
   0.5190	  0.02248
   0.5200	  0.02060
   0.5210	  0.02449
   0.5220	  0.02098
   0.5230	  0.01966
   0.5240	  0.02068
   0.5250	  0.01711
   0.5260	  0.01579
   0.5270	  0.01444
   0.5280	  0.01276
   0.5290	  0.01720
   0.5300	  0.01860
   0.5310	  0.03090
   0.5320	  0.03501
   0.5330	  0.02497
   0.5340	  0.02779
   0.5350	  0.02517
   0.5360	  0.02247
   0.5370	  0.02022
   0.5380	  0.01956
   0.5390	  0.01713
   0.5400	  0.02355
   0.5410	  0.02199
   0.5420	  0.02172
   0.5430	  0.01674
   0.5440	  0.01979
   0.5450	  0.01752
   0.5460	  0.01288
   0.5470	  0.01617
   0.5480	  0.01216
   0.5490	  0.00801
   0.5500	  0.01010
   0.5510	  0.00857
   0.5520	  0.00868
   0.5530	  0.01415
   0.5540	  0.01228
   0.5550	  0.01793
   0.5560	  0.01602
   0.5570	  0.01654
   0.5580	  0.01336
   0.5590	  0.01395
   0.5600	  0.01762
   0.5610	  0.01208
   0.5620	  0.01029
   0.5630	  0.01067
   0.5640	  0.01081
   0.5650	  0.01105
   0.5660	  0.01443
   0.5670	  0.01962
   0.5680	  0.01637
   0.5690	  0.01900
   0.5700	  0.02372
   0.5710	  0.02062
   0.5720	  0.02117
   0.5730	  0.02221
   0.5740	  0.02471
   0.5750	  0.01765
   0.5760	  0.01964
   0.5770	  0.01853
   0.5780	  0.01273
   0.5790	  0.01734
   0.5800	  0.01730
   0.5810	  0.01132
   0.5820	  0.00753
   0.5830	  0.00970
   0.5840	  0.01126
   0.5850	  0.01038
   0.5860	  0.01251
   0.5870	  0.01371
   0.5880	  0.01433
   0.5890	  0.01171
   0.5900	  0.02003
   0.5910	  0.01742
   0.5920	  0.01278
   0.5930	  0.02274
   0.5940	  0.01868
   0.5950	  0.01214
   0.5960	  0.01186
   0.5970	  0.01170
   0.5980	  0.01162
   0.5990	  0.00416
   0.6000	  0.00630
   0.6010	  0.00592
   0.6020	  0.00670
   0.6030	  0.00972
   0.6040	  0.00849
   0.6050	  0.00936
   0.6060	  0.00590
   0.6070	  0.00994
   0.6080	  0.01459
   0.6090	  0.01432
   0.6100	  0.01689
   0.6110	  0.01948
   0.6120	  0.01537
   0.6130	  0.01425
   0.6140	  0.01829
   0.6150	  0.01893
   0.6160	  0.02099
   0.6170	  0.01925
   0.6180	  0.01529
   0.6190	  0.01553
   0.6200	  0.01411
   0.6210	  0.01025
   0.6220	  0.01100
   0.6230	  0.01080
   0.6240	  0.01252
   0.6250	  0.01209
   0.6260	  0.00981
   0.6270	  0.01379
   0.6280	  0.01071
   0.6290	  0.00759
   0.6300	  0.00947
   0.6310	  0.00853
   0.6320	  0.00734
   0.6330	  0.00566
   0.6340	  0.00863
   0.6350	  0.01360
   0.6360	  0.01105
   0.6370	  0.00473
   0.6380	  0.01242
   0.6390	  0.01601
   0.6400	  0.01804
   0.6410	  0.01658
   0.6420	  0.01877
   0.6430	  0.01464
   0.6440	  0.01099
   0.6450	  0.01410
   0.6460	  0.01428
   0.6470	  0.01276
   0.6480	  0.01609
   0.6490	  0.01036
   0.6500	  0.01548
   0.6510	  0.02107
   0.6520	  0.02132
   0.6530	  0.01670
   0.6540	  0.01605
   0.6550	  0.01708
   0.6560	  0.01360
   0.6570	  0.01141
   0.6580	  0.00731
   0.6590	  0.00899
   0.6600	  0.01207
   0.6610	  0.01278
   0.6620	  0.00990
   0.6630	  0.00853
   0.6640	  0.00330
   0.6650	  0.00483
   0.6660	  0.00570
   0.6670	  0.00941
   0.6680	  0.00862
   0.6690	  0.01473
   0.6700	  0.01680
   0.6710	  0.01912
   0.6720	  0.02011
   0.6730	  0.01382
   0.6740	  0.01517
   0.6750	  0.00973
   0.6760	  0.01193
   0.6770	  0.00908
   0.6780	  0.01359
   0.6790	  0.01333
   0.6800	  0.00933
   0.6810	  0.00836
   0.6820	  0.00595
   0.6830	  0.00776
   0.6840	  0.00831
   0.6850	  0.01431
   0.6860	  0.01266
   0.6870	  0.01310
   0.6880	  0.01242
   0.6890	  0.00962
   0.6900	  0.00940
   0.6910	  0.01104
   0.6920	  0.01455
   0.6930	  0.00972
   0.6940	  0.01072
   0.6950	  0.01504
   0.6960	  0.00816
   0.6970	  0.01156
   0.6980	  0.01481
   0.6990	  0.01552
   0.7000	  0.01280
   0.7010	  0.01033
   0.7020	  0.00865
   0.7030	  0.00676
   0.7040	  0.01002
   0.7050	  0.00643
   0.7060	  0.00720
   0.7070	  0.00933
   0.7080	  0.01241
   0.7090	  0.01209
   0.7100	  0.00886
   0.7110	  0.00858
   0.7120	  0.01541
   0.7130	  0.01478
   0.7140	  0.01979
   0.7150	  0.01638
   0.7160	  0.01791
   0.7170	  0.02466
   0.7180	  0.02989
   0.7190	  0.02261
   0.7200	  0.02066
   0.7210	  0.01435
   0.7220	  0.01386
   0.7230	  0.01694
   0.7240	  0.01918
   0.7250	  0.01978
   0.7260	  0.01864
   0.7270	  0.01890
   0.7280	  0.01756
   0.7290	  0.01555
   0.7300	  0.01388
   0.7310	  0.01385
   0.7320	  0.01315
   0.7330	  0.01671
   0.7340	  0.01076
   0.7350	  0.01067
   0.7360	  0.01240
   0.7370	  0.00767
   0.7380	  0.00628
   0.7390	  0.00940
   0.7400	  0.01132
   0.7410	  0.00922
   0.7420	  0.01125
   0.7430	  0.01049
   0.7440	  0.00781
   0.7450	  0.00791
   0.7460	  0.00938
   0.7470	  0.00722
   0.7480	  0.01258
   0.7490	  0.01117
   0.7500	  0.01437
   0.7510	  0.01337
   0.7520	  0.01825
   0.7530	  0.02126
   0.7540	  0.01718
   0.7550	  0.01281
   0.7560	  0.01110
   0.7570	  0.01305
   0.7580	  0.01194
   0.7590	  0.01341
   0.7600	  0.00830
   0.7610	  0.00908
   0.7620	  0.01409
   0.7630	  0.00989
   0.7640	  0.01014
   0.7650	  0.01063
   0.7660	  0.00771
   0.7670	  0.00902
   0.7680	  0.00869
   0.7690	  0.00907
   0.7700	  0.00969
   0.7710	  0.01031
   0.7720	  0.01131
   0.7730	  0.00923
   0.7740	  0.01015
   0.7750	  0.00814
   0.7760	  0.01653
   0.7770	  0.01308
   0.7780	  0.01110
   0.7790	  0.01482
   0.7800	  0.01597
   0.7810	  0.01947
   0.7820	  0.01963
   0.7830	  0.02468
   0.7840	  0.02344
   0.7850	  0.02060
   0.7860	  0.01518
   0.7870	  0.01748
   0.7880	  0.01431
   0.7890	  0.02115
   0.7900	  0.02345
   0.7910	  0.02334
   0.7920	  0.01764
   0.7930	  0.02517
   0.7940	  0.02542
   0.7950	  0.02813
   0.7960	  0.02240
   0.7970	  0.02461
   0.7980	  0.01616
   0.7990	  0.01965
   0.8000	  0.01745
   0.8010	  0.01634
   0.8020	  0.01432
   0.8030	  0.01461
   0.8040	  0.01356
   0.8050	  0.00750
   0.8060	  0.00988
   0.8070	  0.00812
   0.8080	  0.01271
   0.8090	  0.00869
   0.8100	  0.00878
   0.8110	  0.00932
   0.8120	  0.01289
   0.8130	  0.01169
   0.8140	  0.01476
   0.8150	  0.01376
   0.8160	  0.01408
   0.8170	  0.01088
   0.8180	  0.00873
   0.8190	  0.01187
   0.8200	  0.01889
   0.8210	  0.01391
   0.8220	  0.00903
   0.8230	  0.01134
   0.8240	  0.01049
   0.8250	  0.01570
   0.8260	  0.01253
   0.8270	  0.01601
   0.8280	  0.01669
   0.8290	  0.01751
   0.8300	  0.01395
   0.8310	  0.01105
   0.8320	  0.01476
   0.8330	  0.01000
   0.8340	  0.01277
   0.8350	  0.01270
   0.8360	  0.00547
   0.8370	  0.01140
   0.8380	  0.00788
   0.8390	  0.00452
   0.8400	  0.00444
   0.8410	  0.00257
   0.8420	  0.00406
   0.8430	  0.01117
   0.8440	  0.00506
   0.8450	  0.00512
   0.8460	  0.00415
   0.8470	  0.01012
   0.8480	  0.00444
   0.8490	  0.00503
   0.8500	  0.00683
   0.8510	  0.00985
   0.8520	  0.01179
   0.8530	  0.01056
   0.8540	  0.01016
   0.8550	  0.00558
   0.8560	  0.01217
   0.8570	  0.00521
   0.8580	  0.00871
   0.8590	  0.00985
   0.8600	  0.00626
   0.8610	  0.01042
   0.8620	  0.00811
   0.8630	  0.00211
   0.8640	  0.01705
   0.8650	  0.01299
   0.8660	  0.01128
   0.8670	  0.01136
   0.8680	  0.00693
   0.8690	  0.00489
   0.8700	  0.00581
   0.8710	  0.00601
   0.8720	  0.00457
   0.8730	  0.00248
   0.8740	  0.00884
   0.8750	  0.00702
   0.8760	  0.01168
   0.8770	  0.01110
   0.8780	  0.01105
   0.8790	  0.01004
   0.8800	  0.00277
   0.8810	  0.00907
   0.8820	  0.00244
   0.8830	  0.00747
   0.8840	  0.01172
   0.8850	  0.00775
   0.8860	  0.00846
   0.8870	  0.00743
   0.8880	  0.00976
   0.8890	  0.00789
   0.8900	  0.00639
   0.8910	  0.00979
   0.8920	  0.00881
   0.8930	  0.01019
   0.8940	  0.01030
   0.8950	  0.00297
   0.8960	  0.01561
   0.8970	  0.00633
   0.8980	  0.01005
   0.8990	  0.00633
   0.9000	  0.00466
   0.9010	  0.00723
   0.9020	  0.00726
   0.9030	  0.00880
   0.9040	  0.00710
   0.9050	  0.01404
   0.9060	  0.00404
   0.9070	  0.00310
   0.9080	  0.00328
   0.9090	  0.00971
   0.9100	  0.00429
   0.9110	  0.00775
   0.9120	  0.00871
   0.9130	  0.01064
   0.9140	  0.00961
   0.9150	  0.01229
   0.9160	  0.01289
   0.9170	  0.01477
   0.9180	  0.01165
   0.9190	  0.02473
   0.9200	  0.01762
   0.9210	  0.01355
   0.9220	  0.01680
   0.9230	  0.02042
   0.9240	  0.02070
   0.9250	  0.01812
   0.9260	  0.01472
   0.9270	  0.01133
   0.9280	  0.01459
   0.9290	  0.00506
   0.9300	  0.00796
   0.9310	  0.00849
   0.9320	  0.00796
   0.9330	  0.01454
   0.9340	  0.01569
   0.9350	  0.01136
   0.9360	  0.01003
   0.9370	  0.01099
   0.9380	  0.01195
   0.9390	  0.01716
   0.9400	  0.01260
   0.9410	  0.00740
   0.9420	  0.00742
   0.9430	  0.00716
   0.9440	  0.00623
   0.9450	  0.00626
   0.9460	  0.00610
   0.9470	  0.00705
   0.9480	  0.00842
   0.9490	  0.00956
   0.9500	  0.01178
   0.9510	  0.01148
   0.9520	  0.01199
   0.9530	  0.01030
   0.9540	  0.01299
   0.9550	  0.00656
   0.9560	  0.00829
   0.9570	  0.00781
   0.9580	  0.00714
   0.9590	  0.00427
   0.9600	  0.00509
   0.9610	  0.00579
   0.9620	  0.01046
   0.9630	  0.00608
   0.9640	  0.01504
   0.9650	  0.00909
   0.9660	  0.00592
   0.9670	  0.00697
   0.9680	  0.01008
   0.9690	  0.00516
   0.9700	  0.00476
   0.9710	  0.00526
   0.9720	  0.00387
   0.9730	  0.00074
   0.9740	  0.00275
   0.9750	  0.00013
   0.9760	  0.00219
   0.9770	  0.00422
   0.9780	  0.00344
   0.9790	  0.00338
   0.9800	  0.00049
   0.9810	  0.00967
   0.9820	  0.00120
   0.9830	  0.00239
   0.9840	  0.00950
   0.9850	  0.01063
   0.9860	  0.00738
   0.9870	  0.00661
   0.9880	  0.00448
   0.9890	  0.00270
   0.9900	  0.00448
   0.9910	  0.00641
   0.9920	  0.00841
   0.9930	  0.00890
   0.9940	  0.01127
   0.9950	  0.01197
   0.9960	  0.01332
   0.9970	  0.01398
   0.9980	  0.01854
   0.9990	  0.01299
   1.0000	  0.01619
