## Jackknife output: chrom 7
## Bin(cM)	Covariance
   0.0010	  0.06385
   0.0020	  0.11607
   0.0030	  0.12540
   0.0040	  0.12632
   0.0050	  0.12576
   0.0060	  0.11547
   0.0070	  0.11496
   0.0080	  0.11513
   0.0090	  0.12082
   0.0100	  0.12119
   0.0110	  0.11276
   0.0120	  0.09984
   0.0130	  0.11132
   0.0140	  0.10225
   0.0150	  0.09416
   0.0160	  0.09525
   0.0170	  0.09349
   0.0180	  0.09124
   0.0190	  0.09073
   0.0200	  0.09147
   0.0210	  0.09080
   0.0220	  0.09532
   0.0230	  0.09017
   0.0240	  0.10091
   0.0250	  0.09501
   0.0260	  0.10897
   0.0270	  0.10332
   0.0280	  0.09229
   0.0290	  0.09310
   0.0300	  0.09043
   0.0310	  0.09216
   0.0320	  0.09449
   0.0330	  0.09438
   0.0340	  0.08995
   0.0350	  0.08624
   0.0360	  0.09078
   0.0370	  0.08727
   0.0380	  0.08969
   0.0390	  0.08687
   0.0400	  0.09022
   0.0410	  0.09861
   0.0420	  0.09148
   0.0430	  0.08606
   0.0440	  0.08793
   0.0450	  0.09155
   0.0460	  0.10007
   0.0470	  0.09484
   0.0480	  0.08701
   0.0490	  0.10446
   0.0500	  0.09596
   0.0510	  0.08294
   0.0520	  0.08591
   0.0530	  0.07990
   0.0540	  0.08029
   0.0550	  0.07967
   0.0560	  0.07589
   0.0570	  0.08019
   0.0580	  0.08307
   0.0590	  0.08699
   0.0600	  0.08650
   0.0610	  0.08445
   0.0620	  0.08237
   0.0630	  0.08628
   0.0640	  0.07916
   0.0650	  0.08187
   0.0660	  0.06621
   0.0670	  0.06435
   0.0680	  0.06176
   0.0690	  0.07394
   0.0700	  0.08128
   0.0710	  0.08080
   0.0720	  0.08409
   0.0730	  0.07985
   0.0740	  0.07486
   0.0750	  0.07772
   0.0760	  0.07751
   0.0770	  0.07104
   0.0780	  0.08453
   0.0790	  0.09372
   0.0800	  0.08863
   0.0810	  0.09088
   0.0820	  0.07937
   0.0830	  0.08217
   0.0840	  0.08326
   0.0850	  0.08666
   0.0860	  0.07470
   0.0870	  0.07087
   0.0880	  0.07165
   0.0890	  0.06461
   0.0900	  0.07500
   0.0910	  0.08153
   0.0920	  0.07306
   0.0930	  0.06384
   0.0940	  0.07284
   0.0950	  0.08040
   0.0960	  0.08238
   0.0970	  0.06939
   0.0980	  0.06303
   0.0990	  0.06130
   0.1000	  0.06867
   0.1010	  0.07108
   0.1020	  0.06356
   0.1030	  0.06744
   0.1040	  0.07983
   0.1050	  0.06803
   0.1060	  0.07025
   0.1070	  0.07314
   0.1080	  0.06409
   0.1090	  0.06590
   0.1100	  0.06645
   0.1110	  0.06566
   0.1120	  0.06420
   0.1130	  0.06443
   0.1140	  0.06456
   0.1150	  0.05695
   0.1160	  0.06474
   0.1170	  0.06327
   0.1180	  0.07256
   0.1190	  0.07498
   0.1200	  0.07944
   0.1210	  0.07863
   0.1220	  0.07613
   0.1230	  0.08513
   0.1240	  0.08214
   0.1250	  0.07368
   0.1260	  0.07717
   0.1270	  0.07695
   0.1280	  0.07962
   0.1290	  0.08428
   0.1300	  0.09526
   0.1310	  0.09000
   0.1320	  0.09687
   0.1330	  0.09710
   0.1340	  0.09783
   0.1350	  0.07779
   0.1360	  0.07509
   0.1370	  0.06197
   0.1380	  0.06253
   0.1390	  0.07153
   0.1400	  0.06631
   0.1410	  0.06804
   0.1420	  0.06832
   0.1430	  0.05922
   0.1440	  0.06278
   0.1450	  0.06932
   0.1460	  0.06111
   0.1470	  0.06342
   0.1480	  0.05348
   0.1490	  0.06782
   0.1500	  0.05989
   0.1510	  0.06041
   0.1520	  0.06414
   0.1530	  0.06078
   0.1540	  0.06302
   0.1550	  0.05791
   0.1560	  0.05491
   0.1570	  0.05807
   0.1580	  0.04902
   0.1590	  0.05152
   0.1600	  0.04966
   0.1610	  0.05511
   0.1620	  0.05476
   0.1630	  0.05522
   0.1640	  0.05854
   0.1650	  0.06260
   0.1660	  0.05997
   0.1670	  0.07317
   0.1680	  0.07107
   0.1690	  0.06551
   0.1700	  0.06556
   0.1710	  0.05885
   0.1720	  0.06323
   0.1730	  0.06068
   0.1740	  0.05954
   0.1750	  0.05485
   0.1760	  0.05996
   0.1770	  0.05433
   0.1780	  0.05865
   0.1790	  0.05620
   0.1800	  0.06532
   0.1810	  0.06560
   0.1820	  0.05425
   0.1830	  0.05654
   0.1840	  0.05040
   0.1850	  0.05852
   0.1860	  0.06071
   0.1870	  0.05741
   0.1880	  0.05369
   0.1890	  0.05875
   0.1900	  0.06326
   0.1910	  0.05496
   0.1920	  0.05066
   0.1930	  0.05458
   0.1940	  0.05101
   0.1950	  0.04784
   0.1960	  0.04588
   0.1970	  0.04181
   0.1980	  0.05146
   0.1990	  0.05394
   0.2000	  0.04546
   0.2010	  0.03804
   0.2020	  0.04932
   0.2030	  0.05148
   0.2040	  0.05152
   0.2050	  0.05308
   0.2060	  0.05745
   0.2070	  0.06309
   0.2080	  0.06822
   0.2090	  0.06334
   0.2100	  0.06872
   0.2110	  0.07992
   0.2120	  0.08078
   0.2130	  0.06483
   0.2140	  0.06431
   0.2150	  0.05679
   0.2160	  0.05422
   0.2170	  0.04642
   0.2180	  0.04485
   0.2190	  0.05028
   0.2200	  0.05615
   0.2210	  0.04414
   0.2220	  0.04617
   0.2230	  0.04726
   0.2240	  0.04573
   0.2250	  0.05202
   0.2260	  0.04971
   0.2270	  0.04463
   0.2280	  0.04737
   0.2290	  0.04039
   0.2300	  0.03711
   0.2310	  0.04159
   0.2320	  0.03921
   0.2330	  0.03896
   0.2340	  0.04992
   0.2350	  0.04911
   0.2360	  0.04775
   0.2370	  0.05091
   0.2380	  0.05869
   0.2390	  0.05902
   0.2400	  0.06253
   0.2410	  0.06211
   0.2420	  0.07755
   0.2430	  0.05916
   0.2440	  0.05299
   0.2450	  0.05118
   0.2460	  0.05111
   0.2470	  0.06220
   0.2480	  0.05807
   0.2490	  0.05902
   0.2500	  0.05060
   0.2510	  0.05415
   0.2520	  0.05831
   0.2530	  0.05322
   0.2540	  0.05212
   0.2550	  0.04091
   0.2560	  0.03722
   0.2570	  0.04290
   0.2580	  0.04089
   0.2590	  0.04069
   0.2600	  0.03779
   0.2610	  0.04190
   0.2620	  0.03479
   0.2630	  0.03312
   0.2640	  0.03114
   0.2650	  0.03541
   0.2660	  0.02938
   0.2670	  0.02969
   0.2680	  0.03384
   0.2690	  0.03246
   0.2700	  0.03676
   0.2710	  0.03324
   0.2720	  0.03622
   0.2730	  0.02627
   0.2740	  0.03613
   0.2750	  0.03956
   0.2760	  0.04547
   0.2770	  0.03767
   0.2780	  0.04707
   0.2790	  0.04706
   0.2800	  0.05130
   0.2810	  0.04323
   0.2820	  0.04512
   0.2830	  0.04615
   0.2840	  0.05736
   0.2850	  0.05720
   0.2860	  0.04991
   0.2870	  0.04140
   0.2880	  0.04439
   0.2890	  0.04878
   0.2900	  0.04718
   0.2910	  0.03851
   0.2920	  0.04139
   0.2930	  0.03580
   0.2940	  0.03045
   0.2950	  0.03533
   0.2960	  0.03133
   0.2970	  0.03413
   0.2980	  0.04205
   0.2990	  0.03621
   0.3000	  0.03074
   0.3010	  0.03951
   0.3020	  0.03723
   0.3030	  0.03736
   0.3040	  0.03127
   0.3050	  0.03445
   0.3060	  0.04039
   0.3070	  0.03799
   0.3080	  0.03345
   0.3090	  0.03081
   0.3100	  0.04367
   0.3110	  0.04203
   0.3120	  0.03423
   0.3130	  0.03845
   0.3140	  0.03386
   0.3150	  0.03743
   0.3160	  0.04090
   0.3170	  0.04111
   0.3180	  0.04728
   0.3190	  0.05253
   0.3200	  0.05496
   0.3210	  0.06522
   0.3220	  0.07508
   0.3230	  0.06470
   0.3240	  0.05565
   0.3250	  0.06252
   0.3260	  0.06028
   0.3270	  0.05107
   0.3280	  0.04691
   0.3290	  0.04843
   0.3300	  0.04697
   0.3310	  0.03648
   0.3320	  0.04916
   0.3330	  0.04162
   0.3340	  0.03532
   0.3350	  0.03370
   0.3360	  0.03283
   0.3370	  0.03403
   0.3380	  0.03105
   0.3390	  0.03029
   0.3400	  0.03627
   0.3410	  0.03263
   0.3420	  0.03013
   0.3430	  0.02542
   0.3440	  0.02976
   0.3450	  0.03211
   0.3460	  0.04193
   0.3470	  0.02876
   0.3480	  0.02685
   0.3490	  0.03488
   0.3500	  0.03338
   0.3510	  0.02849
   0.3520	  0.03333
   0.3530	  0.03297
   0.3540	  0.03708
   0.3550	  0.03460
   0.3560	  0.03264
   0.3570	  0.03259
   0.3580	  0.02916
   0.3590	  0.02955
   0.3600	  0.02662
   0.3610	  0.02843
   0.3620	  0.03186
   0.3630	  0.03309
   0.3640	  0.03117
   0.3650	  0.03436
   0.3660	  0.03037
   0.3670	  0.02711
   0.3680	  0.02946
   0.3690	  0.03304
   0.3700	  0.03452
   0.3710	  0.04127
   0.3720	  0.02995
   0.3730	  0.03410
   0.3740	  0.03165
   0.3750	  0.03156
   0.3760	  0.03761
   0.3770	  0.03560
   0.3780	  0.04102
   0.3790	  0.04247
   0.3800	  0.03433
   0.3810	  0.03790
   0.3820	  0.03550
   0.3830	  0.03580
   0.3840	  0.04261
   0.3850	  0.03778
   0.3860	  0.03761
   0.3870	  0.03750
   0.3880	  0.03973
   0.3890	  0.03431
   0.3900	  0.02941
   0.3910	  0.03577
   0.3920	  0.03815
   0.3930	  0.02782
   0.3940	  0.02552
   0.3950	  0.03237
   0.3960	  0.03410
   0.3970	  0.03792
   0.3980	  0.03636
   0.3990	  0.04881
   0.4000	  0.03895
   0.4010	  0.04675
   0.4020	  0.04010
   0.4030	  0.03700
   0.4040	  0.03497
   0.4050	  0.03323
   0.4060	  0.02972
   0.4070	  0.02708
   0.4080	  0.03748
   0.4090	  0.03411
   0.4100	  0.03270
   0.4110	  0.02867
   0.4120	  0.03075
   0.4130	  0.02319
   0.4140	  0.02397
   0.4150	  0.02885
   0.4160	  0.02918
   0.4170	  0.02103
   0.4180	  0.02148
   0.4190	  0.02054
   0.4200	  0.02170
   0.4210	  0.02601
   0.4220	  0.02504
   0.4230	  0.02583
   0.4240	  0.03712
   0.4250	  0.02962
   0.4260	  0.02423
   0.4270	  0.03085
   0.4280	  0.03081
   0.4290	  0.03238
   0.4300	  0.03293
   0.4310	  0.03810
   0.4320	  0.03965
   0.4330	  0.04225
   0.4340	  0.03865
   0.4350	  0.04455
   0.4360	  0.03667
   0.4370	  0.03435
   0.4380	  0.02996
   0.4390	  0.02845
   0.4400	  0.02667
   0.4410	  0.02907
   0.4420	  0.02571
   0.4430	  0.02327
   0.4440	  0.02502
   0.4450	  0.02515
   0.4460	  0.03114
   0.4470	  0.03091
   0.4480	  0.03251
   0.4490	  0.02697
   0.4500	  0.03060
   0.4510	  0.03293
   0.4520	  0.03093
   0.4530	  0.02969
   0.4540	  0.02457
   0.4550	  0.02411
   0.4560	  0.03471
   0.4570	  0.03657
   0.4580	  0.02273
   0.4590	  0.02633
   0.4600	  0.03029
   0.4610	  0.03147
   0.4620	  0.02295
   0.4630	  0.02228
   0.4640	  0.02304
   0.4650	  0.02679
   0.4660	  0.02726
   0.4670	  0.02512
   0.4680	  0.02721
   0.4690	  0.02717
   0.4700	  0.03202
   0.4710	  0.03035
   0.4720	  0.03401
   0.4730	  0.03013
   0.4740	  0.03486
   0.4750	  0.02599
   0.4760	  0.02172
   0.4770	  0.02023
   0.4780	  0.02408
   0.4790	  0.02068
   0.4800	  0.02385
   0.4810	  0.02356
   0.4820	  0.02470
   0.4830	  0.02736
   0.4840	  0.02517
   0.4850	  0.02785
   0.4860	  0.02783
   0.4870	  0.02632
   0.4880	  0.02340
   0.4890	  0.02642
   0.4900	  0.01956
   0.4910	  0.02821
   0.4920	  0.02461
   0.4930	  0.01956
   0.4940	  0.02074
   0.4950	  0.01889
   0.4960	  0.01442
   0.4970	  0.01638
   0.4980	  0.01469
   0.4990	  0.01096
   0.5000	  0.01575
   0.5010	  0.01815
   0.5020	  0.01999
   0.5030	  0.02093
   0.5040	  0.02203
   0.5050	  0.02348
   0.5060	  0.02452
   0.5070	  0.03022
   0.5080	  0.02349
   0.5090	  0.01920
   0.5100	  0.01836
   0.5110	  0.02264
   0.5120	  0.02118
   0.5130	  0.02065
   0.5140	  0.02376
   0.5150	  0.02946
   0.5160	  0.02865
   0.5170	  0.01631
   0.5180	  0.02338
   0.5190	  0.02256
   0.5200	  0.02101
   0.5210	  0.02485
   0.5220	  0.02116
   0.5230	  0.01970
   0.5240	  0.02097
   0.5250	  0.01746
   0.5260	  0.01585
   0.5270	  0.01469
   0.5280	  0.01338
   0.5290	  0.01801
   0.5300	  0.01957
   0.5310	  0.03176
   0.5320	  0.03539
   0.5330	  0.02611
   0.5340	  0.02868
   0.5350	  0.02466
   0.5360	  0.02308
   0.5370	  0.02052
   0.5380	  0.01887
   0.5390	  0.01589
   0.5400	  0.02215
   0.5410	  0.02114
   0.5420	  0.02158
   0.5430	  0.01583
   0.5440	  0.01947
   0.5450	  0.01796
   0.5460	  0.01308
   0.5470	  0.01538
   0.5480	  0.01220
   0.5490	  0.00858
   0.5500	  0.00994
   0.5510	  0.00779
   0.5520	  0.00764
   0.5530	  0.01318
   0.5540	  0.01173
   0.5550	  0.01769
   0.5560	  0.01591
   0.5570	  0.01650
   0.5580	  0.01350
   0.5590	  0.01344
   0.5600	  0.01699
   0.5610	  0.01186
   0.5620	  0.01024
   0.5630	  0.01061
   0.5640	  0.01042
   0.5650	  0.01110
   0.5660	  0.01461
   0.5670	  0.02022
   0.5680	  0.01727
   0.5690	  0.02017
   0.5700	  0.02485
   0.5710	  0.02099
   0.5720	  0.02053
   0.5730	  0.02228
   0.5740	  0.02413
   0.5750	  0.01833
   0.5760	  0.02025
   0.5770	  0.01820
   0.5780	  0.01298
   0.5790	  0.01771
   0.5800	  0.01750
   0.5810	  0.01165
   0.5820	  0.00801
   0.5830	  0.01016
   0.5840	  0.01113
   0.5850	  0.01040
   0.5860	  0.01226
   0.5870	  0.01377
   0.5880	  0.01473
   0.5890	  0.01119
   0.5900	  0.02035
   0.5910	  0.01814
   0.5920	  0.01243
   0.5930	  0.02255
   0.5940	  0.01879
   0.5950	  0.01239
   0.5960	  0.01212
   0.5970	  0.01077
   0.5980	  0.01103
   0.5990	  0.00429
   0.6000	  0.00646
   0.6010	  0.00572
   0.6020	  0.00742
   0.6030	  0.01091
   0.6040	  0.00927
   0.6050	  0.00968
   0.6060	  0.00578
   0.6070	  0.01032
   0.6080	  0.01452
   0.6090	  0.01419
   0.6100	  0.01703
   0.6110	  0.02001
   0.6120	  0.01525
   0.6130	  0.01418
   0.6140	  0.01805
   0.6150	  0.01948
   0.6160	  0.02164
   0.6170	  0.01935
   0.6180	  0.01624
   0.6190	  0.01553
   0.6200	  0.01371
   0.6210	  0.01096
   0.6220	  0.01112
   0.6230	  0.01115
   0.6240	  0.01283
   0.6250	  0.01232
   0.6260	  0.01051
   0.6270	  0.01319
   0.6280	  0.01078
   0.6290	  0.00938
   0.6300	  0.00926
   0.6310	  0.00951
   0.6320	  0.00865
   0.6330	  0.00629
   0.6340	  0.00950
   0.6350	  0.01450
   0.6360	  0.01221
   0.6370	  0.00549
   0.6380	  0.01333
   0.6390	  0.01674
   0.6400	  0.02024
   0.6410	  0.01781
   0.6420	  0.01857
   0.6430	  0.01499
   0.6440	  0.01164
   0.6450	  0.01501
   0.6460	  0.01483
   0.6470	  0.01403
   0.6480	  0.01697
   0.6490	  0.01174
   0.6500	  0.01520
   0.6510	  0.02086
   0.6520	  0.02091
   0.6530	  0.01740
   0.6540	  0.01574
   0.6550	  0.01787
   0.6560	  0.01474
   0.6570	  0.01302
   0.6580	  0.00831
   0.6590	  0.01121
   0.6600	  0.01281
   0.6610	  0.01381
   0.6620	  0.01153
   0.6630	  0.00949
   0.6640	  0.00398
   0.6650	  0.00557
   0.6660	  0.00639
   0.6670	  0.01021
   0.6680	  0.00918
   0.6690	  0.01586
   0.6700	  0.01803
   0.6710	  0.02077
   0.6720	  0.02141
   0.6730	  0.01505
   0.6740	  0.01665
   0.6750	  0.01129
   0.6760	  0.01360
   0.6770	  0.00959
   0.6780	  0.01488
   0.6790	  0.01595
   0.6800	  0.01154
   0.6810	  0.01064
   0.6820	  0.00724
   0.6830	  0.01069
   0.6840	  0.00981
   0.6850	  0.01649
   0.6860	  0.01345
   0.6870	  0.01521
   0.6880	  0.01363
   0.6890	  0.01195
   0.6900	  0.01081
   0.6910	  0.01251
   0.6920	  0.01637
   0.6930	  0.01096
   0.6940	  0.01229
   0.6950	  0.01672
   0.6960	  0.00933
   0.6970	  0.01112
   0.6980	  0.01550
   0.6990	  0.01502
   0.7000	  0.01242
   0.7010	  0.01058
   0.7020	  0.00851
   0.7030	  0.00682
   0.7040	  0.01055
   0.7050	  0.00661
   0.7060	  0.00767
   0.7070	  0.00852
   0.7080	  0.01220
   0.7090	  0.01158
   0.7100	  0.00902
   0.7110	  0.00945
   0.7120	  0.01632
   0.7130	  0.01554
   0.7140	  0.02106
   0.7150	  0.01714
   0.7160	  0.01906
   0.7170	  0.02575
   0.7180	  0.02993
   0.7190	  0.02269
   0.7200	  0.01941
   0.7210	  0.01458
   0.7220	  0.01400
   0.7230	  0.01697
   0.7240	  0.01955
   0.7250	  0.02015
   0.7260	  0.01797
   0.7270	  0.01922
   0.7280	  0.01824
   0.7290	  0.01611
   0.7300	  0.01411
   0.7310	  0.01488
   0.7320	  0.01429
   0.7330	  0.01718
   0.7340	  0.01029
   0.7350	  0.01044
   0.7360	  0.01197
   0.7370	  0.00639
   0.7380	  0.00567
   0.7390	  0.00844
   0.7400	  0.01053
   0.7410	  0.00890
   0.7420	  0.01071
   0.7430	  0.01102
   0.7440	  0.00766
   0.7450	  0.00741
   0.7460	  0.00910
   0.7470	  0.00691
   0.7480	  0.01167
   0.7490	  0.01020
   0.7500	  0.01286
   0.7510	  0.01249
   0.7520	  0.01700
   0.7530	  0.02037
   0.7540	  0.01625
   0.7550	  0.01281
   0.7560	  0.01121
   0.7570	  0.01250
   0.7580	  0.01067
   0.7590	  0.01247
   0.7600	  0.00697
   0.7610	  0.00887
   0.7620	  0.01310
   0.7630	  0.00951
   0.7640	  0.01063
   0.7650	  0.01046
   0.7660	  0.00721
   0.7670	  0.00917
   0.7680	  0.00883
   0.7690	  0.00887
   0.7700	  0.00938
   0.7710	  0.00953
   0.7720	  0.01041
   0.7730	  0.00865
   0.7740	  0.01037
   0.7750	  0.00763
   0.7760	  0.01569
   0.7770	  0.01276
   0.7780	  0.00974
   0.7790	  0.01314
   0.7800	  0.01558
   0.7810	  0.01991
   0.7820	  0.02017
   0.7830	  0.02509
   0.7840	  0.02285
   0.7850	  0.01914
   0.7860	  0.01368
   0.7870	  0.01719
   0.7880	  0.01413
   0.7890	  0.02102
   0.7900	  0.02167
   0.7910	  0.02289
   0.7920	  0.01754
   0.7930	  0.02543
   0.7940	  0.02549
   0.7950	  0.02831
   0.7960	  0.02225
   0.7970	  0.02517
   0.7980	  0.01623
   0.7990	  0.02016
   0.8000	  0.01798
   0.8010	  0.01655
   0.8020	  0.01448
   0.8030	  0.01425
   0.8040	  0.01314
   0.8050	  0.00729
   0.8060	  0.00959
   0.8070	  0.00836
   0.8080	  0.01234
   0.8090	  0.00820
   0.8100	  0.00803
   0.8110	  0.00837
   0.8120	  0.01210
   0.8130	  0.01145
   0.8140	  0.01472
   0.8150	  0.01433
   0.8160	  0.01536
   0.8170	  0.01129
   0.8180	  0.00829
   0.8190	  0.01169
   0.8200	  0.01945
   0.8210	  0.01400
   0.8220	  0.00770
   0.8230	  0.01128
   0.8240	  0.00980
   0.8250	  0.01372
   0.8260	  0.01264
   0.8270	  0.01665
   0.8280	  0.01672
   0.8290	  0.01763
   0.8300	  0.01339
   0.8310	  0.00975
   0.8320	  0.01457
   0.8330	  0.00920
   0.8340	  0.01150
   0.8350	  0.01035
   0.8360	  0.00414
   0.8370	  0.01049
   0.8380	  0.00778
   0.8390	  0.00481
   0.8400	  0.00460
   0.8410	  0.00249
   0.8420	  0.00446
   0.8430	  0.01150
   0.8440	  0.00558
   0.8450	  0.00542
   0.8460	  0.00493
   0.8470	  0.01083
   0.8480	  0.00502
   0.8490	  0.00574
   0.8500	  0.00754
   0.8510	  0.01081
   0.8520	  0.01248
   0.8530	  0.01122
   0.8540	  0.01134
   0.8550	  0.00629
   0.8560	  0.01289
   0.8570	  0.00578
   0.8580	  0.00869
   0.8590	  0.00957
   0.8600	  0.00657
   0.8610	  0.01044
   0.8620	  0.00763
   0.8630	  0.00306
   0.8640	  0.01806
   0.8650	  0.01347
   0.8660	  0.01217
   0.8670	  0.01164
   0.8680	  0.00756
   0.8690	  0.00565
   0.8700	  0.00651
   0.8710	  0.00677
   0.8720	  0.00464
   0.8730	  0.00247
   0.8740	  0.00888
   0.8750	  0.00947
   0.8760	  0.01273
   0.8770	  0.01155
   0.8780	  0.01198
   0.8790	  0.01089
   0.8800	  0.00308
   0.8810	  0.00971
   0.8820	  0.00318
   0.8830	  0.00814
   0.8840	  0.01257
   0.8850	  0.00907
   0.8860	  0.01012
   0.8870	  0.00838
   0.8880	  0.01035
   0.8890	  0.00891
   0.8900	  0.00667
   0.8910	  0.01050
   0.8920	  0.00928
   0.8930	  0.01145
   0.8940	  0.01083
   0.8950	  0.00312
   0.8960	  0.01616
   0.8970	  0.00613
   0.8980	  0.01028
   0.8990	  0.00659
   0.9000	  0.00543
   0.9010	  0.00795
   0.9020	  0.00800
   0.9030	  0.00910
   0.9040	  0.00794
   0.9050	  0.01537
   0.9060	  0.00521
   0.9070	  0.00568
   0.9080	  0.00467
   0.9090	  0.01129
   0.9100	  0.00525
   0.9110	  0.00860
   0.9120	  0.01003
   0.9130	  0.01110
   0.9140	  0.01011
   0.9150	  0.01255
   0.9160	  0.01295
   0.9170	  0.01565
   0.9180	  0.01184
   0.9190	  0.02555
   0.9200	  0.01889
   0.9210	  0.01417
   0.9220	  0.01727
   0.9230	  0.02127
   0.9240	  0.02137
   0.9250	  0.01864
   0.9260	  0.01509
   0.9270	  0.01141
   0.9280	  0.01477
   0.9290	  0.00483
   0.9300	  0.00765
   0.9310	  0.00858
   0.9320	  0.00719
   0.9330	  0.01411
   0.9340	  0.01564
   0.9350	  0.01129
   0.9360	  0.01005
   0.9370	  0.01124
   0.9380	  0.01195
   0.9390	  0.01721
   0.9400	  0.01236
   0.9410	  0.00760
   0.9420	  0.00780
   0.9430	  0.00726
   0.9440	  0.00655
   0.9450	  0.00609
   0.9460	  0.00607
   0.9470	  0.00725
   0.9480	  0.00869
   0.9490	  0.00971
   0.9500	  0.01146
   0.9510	  0.01173
   0.9520	  0.01064
   0.9530	  0.00961
   0.9540	  0.01187
   0.9550	  0.00667
   0.9560	  0.00878
   0.9570	  0.00812
   0.9580	  0.00709
   0.9590	  0.00437
   0.9600	  0.00514
   0.9610	  0.00466
   0.9620	  0.00654
   0.9630	  0.00347
   0.9640	  0.01146
   0.9650	  0.00778
   0.9660	  0.00508
   0.9670	  0.00580
   0.9680	  0.00961
   0.9690	  0.00383
   0.9700	  0.00363
   0.9710	  0.00292
   0.9720	  0.00123
   0.9730	 -0.00165
   0.9740	  0.00088
   0.9750	 -0.00050
   0.9760	  0.00177
   0.9770	  0.00368
   0.9780	  0.00312
   0.9790	  0.00315
   0.9800	  0.00004
   0.9810	  0.00994
   0.9820	  0.00143
   0.9830	  0.00185
   0.9840	  0.00832
   0.9850	  0.01027
   0.9860	  0.00704
   0.9870	  0.00564
   0.9880	  0.00400
   0.9890	  0.00288
   0.9900	  0.00529
   0.9910	  0.00695
   0.9920	  0.00959
   0.9930	  0.00978
   0.9940	  0.01213
   0.9950	  0.01351
   0.9960	  0.01398
   0.9970	  0.01535
   0.9980	  0.02030
   0.9990	  0.01434
   1.0000	  0.01708
