## Jackknife output: chrom 22
## Bin(cM)	Covariance
   0.0010	  0.06111
   0.0020	  0.10863
   0.0030	  0.11783
   0.0040	  0.11673
   0.0050	  0.11589
   0.0060	  0.10942
   0.0070	  0.10932
   0.0080	  0.10748
   0.0090	  0.11289
   0.0100	  0.11028
   0.0110	  0.10489
   0.0120	  0.09668
   0.0130	  0.10224
   0.0140	  0.09497
   0.0150	  0.09042
   0.0160	  0.09124
   0.0170	  0.08904
   0.0180	  0.08852
   0.0190	  0.08733
   0.0200	  0.08797
   0.0210	  0.08829
   0.0220	  0.09215
   0.0230	  0.08427
   0.0240	  0.09554
   0.0250	  0.09287
   0.0260	  0.10692
   0.0270	  0.10003
   0.0280	  0.08991
   0.0290	  0.09149
   0.0300	  0.08708
   0.0310	  0.08966
   0.0320	  0.09175
   0.0330	  0.09013
   0.0340	  0.08669
   0.0350	  0.08289
   0.0360	  0.08054
   0.0370	  0.08033
   0.0380	  0.08656
   0.0390	  0.08346
   0.0400	  0.08564
   0.0410	  0.09441
   0.0420	  0.08819
   0.0430	  0.08414
   0.0440	  0.08427
   0.0450	  0.08548
   0.0460	  0.09054
   0.0470	  0.08678
   0.0480	  0.07893
   0.0490	  0.08901
   0.0500	  0.08519
   0.0510	  0.07478
   0.0520	  0.07936
   0.0530	  0.07632
   0.0540	  0.07728
   0.0550	  0.07681
   0.0560	  0.07479
   0.0570	  0.07779
   0.0580	  0.08071
   0.0590	  0.08138
   0.0600	  0.08374
   0.0610	  0.08071
   0.0620	  0.07858
   0.0630	  0.08416
   0.0640	  0.07712
   0.0650	  0.07854
   0.0660	  0.06344
   0.0670	  0.06225
   0.0680	  0.05916
   0.0690	  0.06939
   0.0700	  0.07334
   0.0710	  0.07411
   0.0720	  0.07869
   0.0730	  0.07571
   0.0740	  0.06944
   0.0750	  0.07235
   0.0760	  0.07159
   0.0770	  0.06408
   0.0780	  0.07571
   0.0790	  0.07600
   0.0800	  0.06728
   0.0810	  0.07146
   0.0820	  0.05936
   0.0830	  0.05972
   0.0840	  0.06340
   0.0850	  0.06846
   0.0860	  0.06293
   0.0870	  0.05508
   0.0880	  0.05543
   0.0890	  0.05470
   0.0900	  0.06820
   0.0910	  0.07498
   0.0920	  0.06747
   0.0930	  0.05863
   0.0940	  0.06804
   0.0950	  0.07386
   0.0960	  0.07305
   0.0970	  0.06347
   0.0980	  0.05819
   0.0990	  0.05283
   0.1000	  0.05981
   0.1010	  0.06530
   0.1020	  0.05856
   0.1030	  0.06178
   0.1040	  0.07212
   0.1050	  0.06255
   0.1060	  0.06411
   0.1070	  0.06569
   0.1080	  0.05914
   0.1090	  0.05880
   0.1100	  0.05291
   0.1110	  0.05127
   0.1120	  0.05704
   0.1130	  0.05860
   0.1140	  0.05889
   0.1150	  0.05045
   0.1160	  0.05703
   0.1170	  0.05783
   0.1180	  0.06678
   0.1190	  0.06432
   0.1200	  0.07316
   0.1210	  0.07315
   0.1220	  0.06912
   0.1230	  0.07022
   0.1240	  0.07053
   0.1250	  0.06742
   0.1260	  0.06691
   0.1270	  0.06479
   0.1280	  0.06234
   0.1290	  0.06397
   0.1300	  0.07638
   0.1310	  0.06018
   0.1320	  0.06177
   0.1330	  0.06653
   0.1340	  0.07602
   0.1350	  0.06379
   0.1360	  0.05560
   0.1370	  0.04926
   0.1380	  0.05611
   0.1390	  0.06274
   0.1400	  0.05792
   0.1410	  0.05301
   0.1420	  0.05537
   0.1430	  0.05106
   0.1440	  0.05618
   0.1450	  0.06096
   0.1460	  0.05281
   0.1470	  0.05940
   0.1480	  0.05137
   0.1490	  0.06412
   0.1500	  0.05992
   0.1510	  0.06186
   0.1520	  0.06416
   0.1530	  0.06014
   0.1540	  0.06181
   0.1550	  0.05560
   0.1560	  0.05314
   0.1570	  0.05441
   0.1580	  0.04488
   0.1590	  0.04882
   0.1600	  0.04598
   0.1610	  0.05228
   0.1620	  0.05165
   0.1630	  0.05041
   0.1640	  0.05449
   0.1650	  0.05658
   0.1660	  0.05371
   0.1670	  0.06846
   0.1680	  0.06480
   0.1690	  0.06065
   0.1700	  0.05966
   0.1710	  0.05410
   0.1720	  0.05949
   0.1730	  0.05684
   0.1740	  0.05700
   0.1750	  0.04968
   0.1760	  0.05417
   0.1770	  0.04790
   0.1780	  0.05156
   0.1790	  0.04677
   0.1800	  0.05302
   0.1810	  0.05447
   0.1820	  0.04393
   0.1830	  0.04975
   0.1840	  0.04174
   0.1850	  0.05078
   0.1860	  0.05038
   0.1870	  0.04681
   0.1880	  0.03960
   0.1890	  0.04457
   0.1900	  0.03930
   0.1910	  0.04204
   0.1920	  0.03858
   0.1930	  0.04310
   0.1940	  0.04184
   0.1950	  0.03950
   0.1960	  0.03897
   0.1970	  0.03524
   0.1980	  0.04389
   0.1990	  0.04279
   0.2000	  0.04225
   0.2010	  0.03392
   0.2020	  0.04196
   0.2030	  0.04318
   0.2040	  0.04824
   0.2050	  0.04853
   0.2060	  0.05212
   0.2070	  0.06001
   0.2080	  0.06232
   0.2090	  0.05531
   0.2100	  0.04895
   0.2110	  0.05146
   0.2120	  0.05131
   0.2130	  0.04581
   0.2140	  0.04589
   0.2150	  0.04089
   0.2160	  0.03893
   0.2170	  0.03842
   0.2180	  0.03591
   0.2190	  0.04466
   0.2200	  0.04962
   0.2210	  0.04136
   0.2220	  0.03983
   0.2230	  0.04375
   0.2240	  0.04051
   0.2250	  0.04488
   0.2260	  0.04151
   0.2270	  0.04063
   0.2280	  0.04232
   0.2290	  0.03600
   0.2300	  0.03583
   0.2310	  0.03680
   0.2320	  0.03875
   0.2330	  0.03576
   0.2340	  0.04194
   0.2350	  0.03569
   0.2360	  0.04081
   0.2370	  0.04195
   0.2380	  0.04599
   0.2390	  0.04382
   0.2400	  0.05095
   0.2410	  0.05049
   0.2420	  0.06903
   0.2430	  0.05420
   0.2440	  0.05012
   0.2450	  0.04516
   0.2460	  0.04786
   0.2470	  0.05413
   0.2480	  0.05324
   0.2490	  0.05517
   0.2500	  0.04918
   0.2510	  0.05055
   0.2520	  0.05506
   0.2530	  0.05004
   0.2540	  0.04998
   0.2550	  0.03924
   0.2560	  0.03499
   0.2570	  0.03877
   0.2580	  0.03717
   0.2590	  0.03921
   0.2600	  0.03709
   0.2610	  0.04048
   0.2620	  0.03340
   0.2630	  0.03091
   0.2640	  0.02930
   0.2650	  0.03291
   0.2660	  0.02532
   0.2670	  0.02368
   0.2680	  0.03139
   0.2690	  0.03073
   0.2700	  0.03445
   0.2710	  0.03144
   0.2720	  0.03429
   0.2730	  0.02617
   0.2740	  0.03340
   0.2750	  0.03560
   0.2760	  0.04029
   0.2770	  0.03481
   0.2780	  0.04522
   0.2790	  0.04607
   0.2800	  0.04846
   0.2810	  0.04226
   0.2820	  0.04403
   0.2830	  0.04406
   0.2840	  0.05557
   0.2850	  0.05601
   0.2860	  0.04721
   0.2870	  0.04003
   0.2880	  0.04359
   0.2890	  0.04657
   0.2900	  0.04287
   0.2910	  0.03580
   0.2920	  0.03907
   0.2930	  0.03446
   0.2940	  0.02809
   0.2950	  0.03414
   0.2960	  0.02933
   0.2970	  0.03022
   0.2980	  0.03724
   0.2990	  0.03131
   0.3000	  0.02692
   0.3010	  0.03609
   0.3020	  0.03155
   0.3030	  0.03372
   0.3040	  0.02892
   0.3050	  0.03100
   0.3060	  0.03555
   0.3070	  0.03435
   0.3080	  0.02780
   0.3090	  0.02452
   0.3100	  0.03711
   0.3110	  0.03710
   0.3120	  0.02838
   0.3130	  0.03153
   0.3140	  0.02602
   0.3150	  0.02809
   0.3160	  0.02820
   0.3170	  0.02812
   0.3180	  0.03500
   0.3190	  0.03527
   0.3200	  0.03247
   0.3210	  0.03167
   0.3220	  0.03730
   0.3230	  0.03739
   0.3240	  0.03742
   0.3250	  0.04234
   0.3260	  0.04373
   0.3270	  0.04153
   0.3280	  0.03898
   0.3290	  0.04093
   0.3300	  0.04379
   0.3310	  0.03463
   0.3320	  0.04696
   0.3330	  0.04029
   0.3340	  0.03312
   0.3350	  0.03072
   0.3360	  0.02923
   0.3370	  0.03203
   0.3380	  0.02965
   0.3390	  0.02784
   0.3400	  0.03367
   0.3410	  0.03079
   0.3420	  0.02792
   0.3430	  0.02334
   0.3440	  0.02663
   0.3450	  0.02610
   0.3460	  0.03612
   0.3470	  0.02724
   0.3480	  0.02551
   0.3490	  0.03137
   0.3500	  0.02998
   0.3510	  0.02550
   0.3520	  0.02966
   0.3530	  0.02996
   0.3540	  0.03375
   0.3550	  0.03133
   0.3560	  0.02810
   0.3570	  0.02834
   0.3580	  0.02419
   0.3590	  0.02798
   0.3600	  0.02562
   0.3610	  0.02625
   0.3620	  0.02959
   0.3630	  0.03169
   0.3640	  0.03002
   0.3650	  0.03366
   0.3660	  0.02978
   0.3670	  0.02654
   0.3680	  0.02842
   0.3690	  0.03217
   0.3700	  0.03394
   0.3710	  0.04046
   0.3720	  0.02927
   0.3730	  0.03408
   0.3740	  0.03091
   0.3750	  0.03130
   0.3760	  0.03579
   0.3770	  0.03394
   0.3780	  0.03880
   0.3790	  0.04033
   0.3800	  0.03246
   0.3810	  0.03574
   0.3820	  0.03385
   0.3830	  0.03450
   0.3840	  0.04080
   0.3850	  0.03528
   0.3860	  0.03464
   0.3870	  0.03547
   0.3880	  0.03840
   0.3890	  0.03077
   0.3900	  0.02484
   0.3910	  0.02990
   0.3920	  0.03214
   0.3930	  0.02450
   0.3940	  0.02382
   0.3950	  0.02697
   0.3960	  0.03046
   0.3970	  0.03086
   0.3980	  0.02791
   0.3990	  0.03467
   0.4000	  0.03008
   0.4010	  0.03142
   0.4020	  0.02986
   0.4030	  0.03110
   0.4040	  0.02812
   0.4050	  0.02767
   0.4060	  0.02524
   0.4070	  0.02406
   0.4080	  0.03219
   0.4090	  0.02944
   0.4100	  0.02738
   0.4110	  0.02580
   0.4120	  0.02677
   0.4130	  0.02006
   0.4140	  0.01871
   0.4150	  0.02295
   0.4160	  0.02523
   0.4170	  0.01978
   0.4180	  0.01992
   0.4190	  0.01798
   0.4200	  0.01970
   0.4210	  0.02432
   0.4220	  0.02255
   0.4230	  0.02223
   0.4240	  0.02904
   0.4250	  0.02173
   0.4260	  0.02192
   0.4270	  0.02442
   0.4280	  0.02638
   0.4290	  0.02628
   0.4300	  0.02996
   0.4310	  0.03219
   0.4320	  0.03552
   0.4330	  0.03776
   0.4340	  0.03163
   0.4350	  0.03852
   0.4360	  0.03064
   0.4370	  0.02436
   0.4380	  0.02493
   0.4390	  0.02677
   0.4400	  0.02437
   0.4410	  0.02682
   0.4420	  0.02435
   0.4430	  0.02380
   0.4440	  0.02045
   0.4450	  0.02384
   0.4460	  0.02714
   0.4470	  0.02853
   0.4480	  0.02700
   0.4490	  0.02289
   0.4500	  0.02416
   0.4510	  0.02794
   0.4520	  0.02830
   0.4530	  0.02564
   0.4540	  0.02398
   0.4550	  0.02438
   0.4560	  0.03317
   0.4570	  0.03484
   0.4580	  0.02220
   0.4590	  0.02518
   0.4600	  0.02710
   0.4610	  0.03138
   0.4620	  0.02489
   0.4630	  0.02073
   0.4640	  0.02209
   0.4650	  0.02446
   0.4660	  0.02525
   0.4670	  0.02370
   0.4680	  0.02579
   0.4690	  0.02439
   0.4700	  0.02905
   0.4710	  0.02886
   0.4720	  0.03061
   0.4730	  0.02545
   0.4740	  0.03034
   0.4750	  0.02314
   0.4760	  0.01932
   0.4770	  0.01875
   0.4780	  0.02047
   0.4790	  0.01888
   0.4800	  0.02004
   0.4810	  0.02123
   0.4820	  0.02309
   0.4830	  0.02294
   0.4840	  0.02290
   0.4850	  0.02275
   0.4860	  0.02401
   0.4870	  0.02272
   0.4880	  0.01964
   0.4890	  0.02494
   0.4900	  0.01855
   0.4910	  0.02770
   0.4920	  0.02426
   0.4930	  0.01931
   0.4940	  0.02051
   0.4950	  0.01854
   0.4960	  0.01449
   0.4970	  0.01702
   0.4980	  0.01547
   0.4990	  0.01052
   0.5000	  0.01502
   0.5010	  0.01837
   0.5020	  0.02057
   0.5030	  0.02074
   0.5040	  0.02164
   0.5050	  0.02295
   0.5060	  0.02409
   0.5070	  0.02905
   0.5080	  0.02250
   0.5090	  0.01773
   0.5100	  0.01744
   0.5110	  0.02104
   0.5120	  0.02036
   0.5130	  0.02040
   0.5140	  0.02256
   0.5150	  0.02762
   0.5160	  0.02679
   0.5170	  0.01410
   0.5180	  0.02261
   0.5190	  0.02129
   0.5200	  0.01960
   0.5210	  0.02311
   0.5220	  0.01933
   0.5230	  0.01893
   0.5240	  0.02020
   0.5250	  0.01715
   0.5260	  0.01329
   0.5270	  0.01180
   0.5280	  0.01250
   0.5290	  0.01383
   0.5300	  0.01443
   0.5310	  0.02024
   0.5320	  0.02372
   0.5330	  0.01800
   0.5340	  0.01720
   0.5350	  0.01883
   0.5360	  0.01693
   0.5370	  0.01471
   0.5380	  0.01629
   0.5390	  0.01665
   0.5400	  0.02054
   0.5410	  0.02173
   0.5420	  0.02171
   0.5430	  0.01672
   0.5440	  0.02011
   0.5450	  0.01639
   0.5460	  0.01118
   0.5470	  0.01277
   0.5480	  0.01030
   0.5490	  0.00793
   0.5500	  0.00805
   0.5510	  0.00665
   0.5520	  0.00838
   0.5530	  0.01343
   0.5540	  0.01004
   0.5550	  0.01142
   0.5560	  0.01043
   0.5570	  0.01046
   0.5580	  0.00891
   0.5590	  0.01039
   0.5600	  0.01020
   0.5610	  0.00749
   0.5620	  0.00488
   0.5630	  0.00603
   0.5640	  0.00821
   0.5650	  0.00639
   0.5660	  0.01084
   0.5670	  0.01234
   0.5680	  0.00825
   0.5690	  0.01481
   0.5700	  0.01800
   0.5710	  0.01822
   0.5720	  0.01792
   0.5730	  0.01880
   0.5740	  0.02412
   0.5750	  0.01670
   0.5760	  0.01940
   0.5770	  0.01831
   0.5780	  0.01240
   0.5790	  0.01735
   0.5800	  0.01700
   0.5810	  0.01096
   0.5820	  0.00754
   0.5830	  0.00967
   0.5840	  0.01062
   0.5850	  0.00991
   0.5860	  0.01174
   0.5870	  0.01329
   0.5880	  0.01420
   0.5890	  0.01074
   0.5900	  0.01955
   0.5910	  0.01749
   0.5920	  0.01230
   0.5930	  0.02132
   0.5940	  0.01735
   0.5950	  0.01125
   0.5960	  0.01133
   0.5970	  0.01104
   0.5980	  0.01109
   0.5990	  0.00409
   0.6000	  0.00606
   0.6010	  0.00564
   0.6020	  0.00702
   0.6030	  0.01038
   0.6040	  0.00842
   0.6050	  0.00920
   0.6060	  0.00546
   0.6070	  0.00978
   0.6080	  0.01389
   0.6090	  0.01371
   0.6100	  0.01528
   0.6110	  0.01912
   0.6120	  0.01440
   0.6130	  0.01444
   0.6140	  0.01783
   0.6150	  0.01899
   0.6160	  0.02136
   0.6170	  0.01861
   0.6180	  0.01567
   0.6190	  0.01505
   0.6200	  0.01367
   0.6210	  0.01083
   0.6220	  0.01028
   0.6230	  0.01045
   0.6240	  0.01242
   0.6250	  0.01206
   0.6260	  0.00963
   0.6270	  0.01290
   0.6280	  0.01078
   0.6290	  0.00855
   0.6300	  0.00966
   0.6310	  0.00958
   0.6320	  0.00790
   0.6330	  0.00587
   0.6340	  0.00911
   0.6350	  0.01376
   0.6360	  0.01142
   0.6370	  0.00550
   0.6380	  0.01282
   0.6390	  0.01695
   0.6400	  0.01899
   0.6410	  0.01701
   0.6420	  0.01848
   0.6430	  0.01436
   0.6440	  0.01100
   0.6450	  0.01371
   0.6460	  0.01426
   0.6470	  0.01182
   0.6480	  0.01639
   0.6490	  0.01129
   0.6500	  0.01631
   0.6510	  0.02242
   0.6520	  0.02164
   0.6530	  0.01668
   0.6540	  0.01604
   0.6550	  0.01731
   0.6560	  0.01357
   0.6570	  0.01168
   0.6580	  0.00709
   0.6590	  0.01020
   0.6600	  0.01185
   0.6610	  0.01293
   0.6620	  0.01071
   0.6630	  0.00881
   0.6640	  0.00426
   0.6650	  0.00610
   0.6660	  0.00647
   0.6670	  0.01014
   0.6680	  0.00968
   0.6690	  0.01530
   0.6700	  0.01740
   0.6710	  0.02014
   0.6720	  0.02054
   0.6730	  0.01418
   0.6740	  0.01505
   0.6750	  0.00973
   0.6760	  0.01241
   0.6770	  0.00937
   0.6780	  0.01364
   0.6790	  0.01488
   0.6800	  0.01023
   0.6810	  0.00922
   0.6820	  0.00600
   0.6830	  0.00945
   0.6840	  0.00877
   0.6850	  0.01567
   0.6860	  0.01293
   0.6870	  0.01414
   0.6880	  0.01284
   0.6890	  0.01070
   0.6900	  0.00988
   0.6910	  0.01166
   0.6920	  0.01558
   0.6930	  0.01041
   0.6940	  0.01224
   0.6950	  0.01634
   0.6960	  0.00918
   0.6970	  0.01159
   0.6980	  0.01527
   0.6990	  0.01555
   0.7000	  0.01266
   0.7010	  0.01045
   0.7020	  0.00860
   0.7030	  0.00682
   0.7040	  0.01023
   0.7050	  0.00646
   0.7060	  0.00744
   0.7070	  0.00881
   0.7080	  0.01224
   0.7090	  0.01191
   0.7100	  0.00859
   0.7110	  0.00848
   0.7120	  0.01485
   0.7130	  0.01405
   0.7140	  0.01957
   0.7150	  0.01611
   0.7160	  0.01810
   0.7170	  0.02427
   0.7180	  0.02970
   0.7190	  0.02205
   0.7200	  0.02062
   0.7210	  0.01443
   0.7220	  0.01388
   0.7230	  0.01728
   0.7240	  0.01905
   0.7250	  0.01967
   0.7260	  0.01813
   0.7270	  0.01867
   0.7280	  0.01723
   0.7290	  0.01562
   0.7300	  0.01363
   0.7310	  0.01435
   0.7320	  0.01312
   0.7330	  0.01640
   0.7340	  0.01047
   0.7350	  0.01036
   0.7360	  0.01223
   0.7370	  0.00740
   0.7380	  0.00597
   0.7390	  0.00876
   0.7400	  0.01059
   0.7410	  0.00874
   0.7420	  0.01097
   0.7430	  0.01057
   0.7440	  0.00743
   0.7450	  0.00747
   0.7460	  0.00874
   0.7470	  0.00694
   0.7480	  0.01239
   0.7490	  0.01075
   0.7500	  0.01408
   0.7510	  0.01351
   0.7520	  0.01769
   0.7530	  0.02079
   0.7540	  0.01679
   0.7550	  0.01265
   0.7560	  0.01056
   0.7570	  0.01245
   0.7580	  0.01139
   0.7590	  0.01357
   0.7600	  0.00864
   0.7610	  0.00905
   0.7620	  0.01380
   0.7630	  0.00966
   0.7640	  0.00988
   0.7650	  0.00986
   0.7660	  0.00728
   0.7670	  0.00936
   0.7680	  0.00880
   0.7690	  0.00877
   0.7700	  0.00930
   0.7710	  0.01052
   0.7720	  0.01111
   0.7730	  0.00879
   0.7740	  0.01022
   0.7750	  0.00807
   0.7760	  0.01634
   0.7770	  0.01276
   0.7780	  0.01083
   0.7790	  0.01423
   0.7800	  0.01525
   0.7810	  0.01836
   0.7820	  0.01870
   0.7830	  0.02386
   0.7840	  0.02196
   0.7850	  0.01894
   0.7860	  0.01338
   0.7870	  0.01681
   0.7880	  0.01381
   0.7890	  0.02099
   0.7900	  0.02182
   0.7910	  0.02259
   0.7920	  0.01712
   0.7930	  0.02437
   0.7940	  0.02467
   0.7950	  0.02730
   0.7960	  0.02198
   0.7970	  0.02456
   0.7980	  0.01582
   0.7990	  0.01967
   0.8000	  0.01788
   0.8010	  0.01619
   0.8020	  0.01433
   0.8030	  0.01433
   0.8040	  0.01346
   0.8050	  0.00746
   0.8060	  0.00969
   0.8070	  0.00840
   0.8080	  0.01244
   0.8090	  0.00865
   0.8100	  0.00858
   0.8110	  0.00895
   0.8120	  0.01289
   0.8130	  0.01189
   0.8140	  0.01442
   0.8150	  0.01365
   0.8160	  0.01451
   0.8170	  0.01108
   0.8180	  0.00837
   0.8190	  0.01146
   0.8200	  0.01856
   0.8210	  0.01323
   0.8220	  0.00835
   0.8230	  0.01069
   0.8240	  0.00993
   0.8250	  0.01513
   0.8260	  0.01206
   0.8270	  0.01625
   0.8280	  0.01655
   0.8290	  0.01745
   0.8300	  0.01331
   0.8310	  0.01066
   0.8320	  0.01425
   0.8330	  0.00969
   0.8340	  0.01283
   0.8350	  0.01230
   0.8360	  0.00566
   0.8370	  0.01085
   0.8380	  0.00761
   0.8390	  0.00442
   0.8400	  0.00412
   0.8410	  0.00236
   0.8420	  0.00378
   0.8430	  0.01085
   0.8440	  0.00516
   0.8450	  0.00533
   0.8460	  0.00449
   0.8470	  0.01004
   0.8480	  0.00442
   0.8490	  0.00505
   0.8500	  0.00643
   0.8510	  0.00954
   0.8520	  0.01128
   0.8530	  0.01026
   0.8540	  0.01031
   0.8550	  0.00563
   0.8560	  0.01141
   0.8570	  0.00514
   0.8580	  0.00831
   0.8590	  0.00887
   0.8600	  0.00618
   0.8610	  0.00984
   0.8620	  0.00689
   0.8630	  0.00229
   0.8640	  0.01676
   0.8650	  0.01261
   0.8660	  0.01131
   0.8670	  0.01161
   0.8680	  0.00659
   0.8690	  0.00489
   0.8700	  0.00621
   0.8710	  0.00604
   0.8720	  0.00434
   0.8730	  0.00222
   0.8740	  0.00827
   0.8750	  0.00870
   0.8760	  0.01177
   0.8770	  0.01041
   0.8780	  0.01080
   0.8790	  0.01037
   0.8800	  0.00290
   0.8810	  0.00922
   0.8820	  0.00251
   0.8830	  0.00664
   0.8840	  0.01153
   0.8850	  0.00811
   0.8860	  0.00921
   0.8870	  0.00811
   0.8880	  0.00973
   0.8890	  0.00778
   0.8900	  0.00599
   0.8910	  0.00953
   0.8920	  0.00843
   0.8930	  0.01038
   0.8940	  0.01028
   0.8950	  0.00301
   0.8960	  0.01508
   0.8970	  0.00626
   0.8980	  0.01009
   0.8990	  0.00614
   0.9000	  0.00491
   0.9010	  0.00706
   0.9020	  0.00732
   0.9030	  0.00876
   0.9040	  0.00702
   0.9050	  0.01424
   0.9060	  0.00456
   0.9070	  0.00516
   0.9080	  0.00432
   0.9090	  0.01032
   0.9100	  0.00446
   0.9110	  0.00767
   0.9120	  0.00880
   0.9130	  0.01033
   0.9140	  0.00913
   0.9150	  0.01185
   0.9160	  0.01230
   0.9170	  0.01424
   0.9180	  0.01109
   0.9190	  0.02416
   0.9200	  0.01715
   0.9210	  0.01333
   0.9220	  0.01636
   0.9230	  0.01988
   0.9240	  0.02036
   0.9250	  0.01800
   0.9260	  0.01449
   0.9270	  0.01095
   0.9280	  0.01465
   0.9290	  0.00503
   0.9300	  0.00747
   0.9310	  0.00850
   0.9320	  0.00713
   0.9330	  0.01379
   0.9340	  0.01555
   0.9350	  0.01122
   0.9360	  0.00968
   0.9370	  0.01055
   0.9380	  0.01139
   0.9390	  0.01673
   0.9400	  0.01185
   0.9410	  0.00746
   0.9420	  0.00709
   0.9430	  0.00702
   0.9440	  0.00608
   0.9450	  0.00618
   0.9460	  0.00618
   0.9470	  0.00700
   0.9480	  0.00849
   0.9490	  0.00942
   0.9500	  0.01160
   0.9510	  0.01123
   0.9520	  0.01151
   0.9530	  0.01018
   0.9540	  0.01277
   0.9550	  0.00602
   0.9560	  0.00824
   0.9570	  0.00776
   0.9580	  0.00692
   0.9590	  0.00442
   0.9600	  0.00423
   0.9610	  0.00474
   0.9620	  0.00868
   0.9630	  0.00440
   0.9640	  0.01299
   0.9650	  0.00736
   0.9660	  0.00463
   0.9670	  0.00580
   0.9680	  0.00927
   0.9690	  0.00411
   0.9700	  0.00284
   0.9710	  0.00268
   0.9720	  0.00204
   0.9730	 -0.00153
   0.9740	  0.00151
   0.9750	 -0.00015
   0.9760	  0.00203
   0.9770	  0.00413
   0.9780	  0.00323
   0.9790	  0.00287
   0.9800	  0.00013
   0.9810	  0.00907
   0.9820	  0.00087
   0.9830	  0.00154
   0.9840	  0.00783
   0.9850	  0.00948
   0.9860	  0.00621
   0.9870	  0.00609
   0.9880	  0.00396
   0.9890	  0.00271
   0.9900	  0.00432
   0.9910	  0.00611
   0.9920	  0.00856
   0.9930	  0.00882
   0.9940	  0.01105
   0.9950	  0.01202
   0.9960	  0.01305
   0.9970	  0.01368
   0.9980	  0.01853
   0.9990	  0.01320
   1.0000	  0.01614
