## Jackknife output: chrom 6
## Bin(cM)	Covariance
   0.0010	  0.05832
   0.0020	  0.10692
   0.0030	  0.11610
   0.0040	  0.11761
   0.0050	  0.11299
   0.0060	  0.10561
   0.0070	  0.10435
   0.0080	  0.10315
   0.0090	  0.10944
   0.0100	  0.10497
   0.0110	  0.09911
   0.0120	  0.09380
   0.0130	  0.10242
   0.0140	  0.09577
   0.0150	  0.08676
   0.0160	  0.08809
   0.0170	  0.08457
   0.0180	  0.08745
   0.0190	  0.08333
   0.0200	  0.08765
   0.0210	  0.08204
   0.0220	  0.08553
   0.0230	  0.08108
   0.0240	  0.09461
   0.0250	  0.09116
   0.0260	  0.10237
   0.0270	  0.09160
   0.0280	  0.08530
   0.0290	  0.08804
   0.0300	  0.08116
   0.0310	  0.08387
   0.0320	  0.08677
   0.0330	  0.08306
   0.0340	  0.07432
   0.0350	  0.06449
   0.0360	  0.07725
   0.0370	  0.07017
   0.0380	  0.07310
   0.0390	  0.07243
   0.0400	  0.07296
   0.0410	  0.08595
   0.0420	  0.07660
   0.0430	  0.07205
   0.0440	  0.06966
   0.0450	  0.07646
   0.0460	  0.08514
   0.0470	  0.08172
   0.0480	  0.08062
   0.0490	  0.09429
   0.0500	  0.08760
   0.0510	  0.07709
   0.0520	  0.08345
   0.0530	  0.07682
   0.0540	  0.07684
   0.0550	  0.07594
   0.0560	  0.07396
   0.0570	  0.07449
   0.0580	  0.07863
   0.0590	  0.08120
   0.0600	  0.08132
   0.0610	  0.07862
   0.0620	  0.07515
   0.0630	  0.08117
   0.0640	  0.07385
   0.0650	  0.07280
   0.0660	  0.05870
   0.0670	  0.05467
   0.0680	  0.05546
   0.0690	  0.06079
   0.0700	  0.06773
   0.0710	  0.06902
   0.0720	  0.07436
   0.0730	  0.06982
   0.0740	  0.05946
   0.0750	  0.06378
   0.0760	  0.06203
   0.0770	  0.06040
   0.0780	  0.06209
   0.0790	  0.07535
   0.0800	  0.06923
   0.0810	  0.07462
   0.0820	  0.06913
   0.0830	  0.07269
   0.0840	  0.06984
   0.0850	  0.07230
   0.0860	  0.05998
   0.0870	  0.06137
   0.0880	  0.05942
   0.0890	  0.05177
   0.0900	  0.05645
   0.0910	  0.06260
   0.0920	  0.05283
   0.0930	  0.04866
   0.0940	  0.05296
   0.0950	  0.05988
   0.0960	  0.06054
   0.0970	  0.05645
   0.0980	  0.05012
   0.0990	  0.05214
   0.1000	  0.05909
   0.1010	  0.06183
   0.1020	  0.05390
   0.1030	  0.06015
   0.1040	  0.07175
   0.1050	  0.05835
   0.1060	  0.06146
   0.1070	  0.06419
   0.1080	  0.05561
   0.1090	  0.05515
   0.1100	  0.05876
   0.1110	  0.05998
   0.1120	  0.05265
   0.1130	  0.04835
   0.1140	  0.04743
   0.1150	  0.04484
   0.1160	  0.05521
   0.1170	  0.04974
   0.1180	  0.05161
   0.1190	  0.06007
   0.1200	  0.05558
   0.1210	  0.05872
   0.1220	  0.06008
   0.1230	  0.06450
   0.1240	  0.06348
   0.1250	  0.05313
   0.1260	  0.06022
   0.1270	  0.06475
   0.1280	  0.06511
   0.1290	  0.06725
   0.1300	  0.07530
   0.1310	  0.07777
   0.1320	  0.07742
   0.1330	  0.08065
   0.1340	  0.07601
   0.1350	  0.06285
   0.1360	  0.06271
   0.1370	  0.05183
   0.1380	  0.05322
   0.1390	  0.05607
   0.1400	  0.05457
   0.1410	  0.05304
   0.1420	  0.05946
   0.1430	  0.05280
   0.1440	  0.05064
   0.1450	  0.05670
   0.1460	  0.04993
   0.1470	  0.05039
   0.1480	  0.04390
   0.1490	  0.05514
   0.1500	  0.04867
   0.1510	  0.05314
   0.1520	  0.05794
   0.1530	  0.05444
   0.1540	  0.05376
   0.1550	  0.04827
   0.1560	  0.04916
   0.1570	  0.04896
   0.1580	  0.04186
   0.1590	  0.04276
   0.1600	  0.04624
   0.1610	  0.04556
   0.1620	  0.04368
   0.1630	  0.04284
   0.1640	  0.04578
   0.1650	  0.04824
   0.1660	  0.04348
   0.1670	  0.05131
   0.1680	  0.05297
   0.1690	  0.04817
   0.1700	  0.04894
   0.1710	  0.04618
   0.1720	  0.04995
   0.1730	  0.04975
   0.1740	  0.05372
   0.1750	  0.04992
   0.1760	  0.05241
   0.1770	  0.04704
   0.1780	  0.05192
   0.1790	  0.05306
   0.1800	  0.05965
   0.1810	  0.05851
   0.1820	  0.05277
   0.1830	  0.05090
   0.1840	  0.04811
   0.1850	  0.05475
   0.1860	  0.05869
   0.1870	  0.05551
   0.1880	  0.05072
   0.1890	  0.05250
   0.1900	  0.06036
   0.1910	  0.04918
   0.1920	  0.04472
   0.1930	  0.04925
   0.1940	  0.04470
   0.1950	  0.04464
   0.1960	  0.04067
   0.1970	  0.03867
   0.1980	  0.04295
   0.1990	  0.04802
   0.2000	  0.03694
   0.2010	  0.03304
   0.2020	  0.04181
   0.2030	  0.03568
   0.2040	  0.03709
   0.2050	  0.03428
   0.2060	  0.03861
   0.2070	  0.04256
   0.2080	  0.04306
   0.2090	  0.04499
   0.2100	  0.05553
   0.2110	  0.06827
   0.2120	  0.06856
   0.2130	  0.05438
   0.2140	  0.05348
   0.2150	  0.04801
   0.2160	  0.04914
   0.2170	  0.04234
   0.2180	  0.04119
   0.2190	  0.04483
   0.2200	  0.05378
   0.2210	  0.04274
   0.2220	  0.04592
   0.2230	  0.04619
   0.2240	  0.04413
   0.2250	  0.04763
   0.2260	  0.04829
   0.2270	  0.04382
   0.2280	  0.04457
   0.2290	  0.03879
   0.2300	  0.03464
   0.2310	  0.03693
   0.2320	  0.03775
   0.2330	  0.03838
   0.2340	  0.04534
   0.2350	  0.04191
   0.2360	  0.03873
   0.2370	  0.04112
   0.2380	  0.04815
   0.2390	  0.04691
   0.2400	  0.04944
   0.2410	  0.04403
   0.2420	  0.04836
   0.2430	  0.03733
   0.2440	  0.03814
   0.2450	  0.03643
   0.2460	  0.03583
   0.2470	  0.03905
   0.2480	  0.03383
   0.2490	  0.04000
   0.2500	  0.03525
   0.2510	  0.03182
   0.2520	  0.03401
   0.2530	  0.03028
   0.2540	  0.03149
   0.2550	  0.02664
   0.2560	  0.02739
   0.2570	  0.03352
   0.2580	  0.03096
   0.2590	  0.02759
   0.2600	  0.02141
   0.2610	  0.03000
   0.2620	  0.02440
   0.2630	  0.02311
   0.2640	  0.02069
   0.2650	  0.02776
   0.2660	  0.02662
   0.2670	  0.02880
   0.2680	  0.03124
   0.2690	  0.02916
   0.2700	  0.03509
   0.2710	  0.03085
   0.2720	  0.02995
   0.2730	  0.02286
   0.2740	  0.02633
   0.2750	  0.02917
   0.2760	  0.03496
   0.2770	  0.02739
   0.2780	  0.03486
   0.2790	  0.02945
   0.2800	  0.03581
   0.2810	  0.02672
   0.2820	  0.02797
   0.2830	  0.02523
   0.2840	  0.03125
   0.2850	  0.03271
   0.2860	  0.02459
   0.2870	  0.02440
   0.2880	  0.02479
   0.2890	  0.02847
   0.2900	  0.03199
   0.2910	  0.02472
   0.2920	  0.02901
   0.2930	  0.02663
   0.2940	  0.02169
   0.2950	  0.02777
   0.2960	  0.02086
   0.2970	  0.02467
   0.2980	  0.03252
   0.2990	  0.03029
   0.3000	  0.02687
   0.3010	  0.03464
   0.3020	  0.03284
   0.3030	  0.03232
   0.3040	  0.02585
   0.3050	  0.02964
   0.3060	  0.03608
   0.3070	  0.03414
   0.3080	  0.02819
   0.3090	  0.02639
   0.3100	  0.03952
   0.3110	  0.03622
   0.3120	  0.02665
   0.3130	  0.02936
   0.3140	  0.02605
   0.3150	  0.02865
   0.3160	  0.03238
   0.3170	  0.03594
   0.3180	  0.03897
   0.3190	  0.04625
   0.3200	  0.04888
   0.3210	  0.06094
   0.3220	  0.06730
   0.3230	  0.06252
   0.3240	  0.05155
   0.3250	  0.05755
   0.3260	  0.05603
   0.3270	  0.04729
   0.3280	  0.04526
   0.3290	  0.04504
   0.3300	  0.04309
   0.3310	  0.03241
   0.3320	  0.04392
   0.3330	  0.03680
   0.3340	  0.03020
   0.3350	  0.02907
   0.3360	  0.02930
   0.3370	  0.02909
   0.3380	  0.02715
   0.3390	  0.02676
   0.3400	  0.03294
   0.3410	  0.03088
   0.3420	  0.02497
   0.3430	  0.02212
   0.3440	  0.02474
   0.3450	  0.02762
   0.3460	  0.03926
   0.3470	  0.02390
   0.3480	  0.02156
   0.3490	  0.02869
   0.3500	  0.03047
   0.3510	  0.02437
   0.3520	  0.03091
   0.3530	  0.02819
   0.3540	  0.03074
   0.3550	  0.02593
   0.3560	  0.02519
   0.3570	  0.02616
   0.3580	  0.02595
   0.3590	  0.02487
   0.3600	  0.02379
   0.3610	  0.02582
   0.3620	  0.02667
   0.3630	  0.02809
   0.3640	  0.02640
   0.3650	  0.03056
   0.3660	  0.02632
   0.3670	  0.02452
   0.3680	  0.02446
   0.3690	  0.02807
   0.3700	  0.03062
   0.3710	  0.03056
   0.3720	  0.02252
   0.3730	  0.02735
   0.3740	  0.02185
   0.3750	  0.02259
   0.3760	  0.02597
   0.3770	  0.02722
   0.3780	  0.03411
   0.3790	  0.03362
   0.3800	  0.02917
   0.3810	  0.02931
   0.3820	  0.03052
   0.3830	  0.03150
   0.3840	  0.03380
   0.3850	  0.03257
   0.3860	  0.03194
   0.3870	  0.03021
   0.3880	  0.03002
   0.3890	  0.02775
   0.3900	  0.02417
   0.3910	  0.03003
   0.3920	  0.03007
   0.3930	  0.01963
   0.3940	  0.01635
   0.3950	  0.02421
   0.3960	  0.02345
   0.3970	  0.02677
   0.3980	  0.02688
   0.3990	  0.04061
   0.4000	  0.02752
   0.4010	  0.03652
   0.4020	  0.03217
   0.4030	  0.02840
   0.4040	  0.02636
   0.4050	  0.02532
   0.4060	  0.02251
   0.4070	  0.02081
   0.4080	  0.02789
   0.4090	  0.02483
   0.4100	  0.02510
   0.4110	  0.02318
   0.4120	  0.02543
   0.4130	  0.01881
   0.4140	  0.01959
   0.4150	  0.02356
   0.4160	  0.02765
   0.4170	  0.01602
   0.4180	  0.01851
   0.4190	  0.01450
   0.4200	  0.01718
   0.4210	  0.01820
   0.4220	  0.01683
   0.4230	  0.01714
   0.4240	  0.02950
   0.4250	  0.02332
   0.4260	  0.01958
   0.4270	  0.02755
   0.4280	  0.02306
   0.4290	  0.02705
   0.4300	  0.02204
   0.4310	  0.02814
   0.4320	  0.03033
   0.4330	  0.03213
   0.4340	  0.03068
   0.4350	  0.03804
   0.4360	  0.03181
   0.4370	  0.02976
   0.4380	  0.02805
   0.4390	  0.02489
   0.4400	  0.02408
   0.4410	  0.02469
   0.4420	  0.02262
   0.4430	  0.01672
   0.4440	  0.02156
   0.4450	  0.01726
   0.4460	  0.02579
   0.4470	  0.02881
   0.4480	  0.02931
   0.4490	  0.02649
   0.4500	  0.03174
   0.4510	  0.03185
   0.4520	  0.02908
   0.4530	  0.02845
   0.4540	  0.02044
   0.4550	  0.02148
   0.4560	  0.03102
   0.4570	  0.03387
   0.4580	  0.01989
   0.4590	  0.02203
   0.4600	  0.02833
   0.4610	  0.02935
   0.4620	  0.02185
   0.4630	  0.01960
   0.4640	  0.02150
   0.4650	  0.02128
   0.4660	  0.02144
   0.4670	  0.02064
   0.4680	  0.01988
   0.4690	  0.02271
   0.4700	  0.02752
   0.4710	  0.02889
   0.4720	  0.03346
   0.4730	  0.03044
   0.4740	  0.03061
   0.4750	  0.02504
   0.4760	  0.01971
   0.4770	  0.01966
   0.4780	  0.02110
   0.4790	  0.01909
   0.4800	  0.02071
   0.4810	  0.02011
   0.4820	  0.02029
   0.4830	  0.02383
   0.4840	  0.02166
   0.4850	  0.02450
   0.4860	  0.02576
   0.4870	  0.02381
   0.4880	  0.02082
   0.4890	  0.02238
   0.4900	  0.01545
   0.4910	  0.02397
   0.4920	  0.01996
   0.4930	  0.01457
   0.4940	  0.01750
   0.4950	  0.01453
   0.4960	  0.01276
   0.4970	  0.01522
   0.4980	  0.01242
   0.4990	  0.01059
   0.5000	  0.01385
   0.5010	  0.01399
   0.5020	  0.01843
   0.5030	  0.01933
   0.5040	  0.01640
   0.5050	  0.01569
   0.5060	  0.02029
   0.5070	  0.02864
   0.5080	  0.02134
   0.5090	  0.01495
   0.5100	  0.01630
   0.5110	  0.02270
   0.5120	  0.01947
   0.5130	  0.02006
   0.5140	  0.02360
   0.5150	  0.02692
   0.5160	  0.02701
   0.5170	  0.01447
   0.5180	  0.02003
   0.5190	  0.01979
   0.5200	  0.01890
   0.5210	  0.01958
   0.5220	  0.01754
   0.5230	  0.01579
   0.5240	  0.01801
   0.5250	  0.01450
   0.5260	  0.01167
   0.5270	  0.01250
   0.5280	  0.00933
   0.5290	  0.01499
   0.5300	  0.01781
   0.5310	  0.03118
   0.5320	  0.03499
   0.5330	  0.02405
   0.5340	  0.02713
   0.5350	  0.02646
   0.5360	  0.02187
   0.5370	  0.02034
   0.5380	  0.01965
   0.5390	  0.01787
   0.5400	  0.02522
   0.5410	  0.02039
   0.5420	  0.01921
   0.5430	  0.01603
   0.5440	  0.01793
   0.5450	  0.01879
   0.5460	  0.01361
   0.5470	  0.01661
   0.5480	  0.01034
   0.5490	  0.00681
   0.5500	  0.01045
   0.5510	  0.01032
   0.5520	  0.00952
   0.5530	  0.01373
   0.5540	  0.01211
   0.5550	  0.01831
   0.5560	  0.01695
   0.5570	  0.01821
   0.5580	  0.01307
   0.5590	  0.01459
   0.5600	  0.01778
   0.5610	  0.01189
   0.5620	  0.00790
   0.5630	  0.00963
   0.5640	  0.00882
   0.5650	  0.01016
   0.5660	  0.00951
   0.5670	  0.01586
   0.5680	  0.01296
   0.5690	  0.01388
   0.5700	  0.01871
   0.5710	  0.01599
   0.5720	  0.01612
   0.5730	  0.01484
   0.5740	  0.01739
   0.5750	  0.01093
   0.5760	  0.01031
   0.5770	  0.01158
   0.5780	  0.00650
   0.5790	  0.01367
   0.5800	  0.01184
   0.5810	  0.00796
   0.5820	  0.00646
   0.5830	  0.00750
   0.5840	  0.00929
   0.5850	  0.00729
   0.5860	  0.00836
   0.5870	  0.00817
   0.5880	  0.01263
   0.5890	  0.00754
   0.5900	  0.01581
   0.5910	  0.01906
   0.5920	  0.01015
   0.5930	  0.02071
   0.5940	  0.01511
   0.5950	  0.00981
   0.5960	  0.01005
   0.5970	  0.01028
   0.5980	  0.00893
   0.5990	  0.00342
   0.6000	  0.00617
   0.6010	  0.00687
   0.6020	  0.00796
   0.6030	  0.00851
   0.6040	  0.00787
   0.6050	  0.00779
   0.6060	  0.00338
   0.6070	  0.00577
   0.6080	  0.00570
   0.6090	  0.00799
   0.6100	  0.00933
   0.6110	  0.01027
   0.6120	  0.00588
   0.6130	  0.00584
   0.6140	  0.00994
   0.6150	  0.01240
   0.6160	  0.01637
   0.6170	  0.01527
   0.6180	  0.01542
   0.6190	  0.01429
   0.6200	  0.01260
   0.6210	  0.00843
   0.6220	  0.00847
   0.6230	  0.00714
   0.6240	  0.00834
   0.6250	  0.00840
   0.6260	  0.00798
   0.6270	  0.01103
   0.6280	  0.00979
   0.6290	  0.00609
   0.6300	  0.00888
   0.6310	  0.00686
   0.6320	  0.00600
   0.6330	  0.00225
   0.6340	  0.00435
   0.6350	  0.00719
   0.6360	  0.00842
   0.6370	  0.00234
   0.6380	  0.00803
   0.6390	  0.00933
   0.6400	  0.01265
   0.6410	  0.01125
   0.6420	  0.01187
   0.6430	  0.00890
   0.6440	  0.00383
   0.6450	  0.00695
   0.6460	  0.00653
   0.6470	  0.00444
   0.6480	  0.00537
   0.6490	  0.00227
   0.6500	  0.00806
   0.6510	  0.01168
   0.6520	  0.00941
   0.6530	  0.00846
   0.6540	  0.00768
   0.6550	  0.00848
   0.6560	  0.00303
   0.6570	  0.00337
   0.6580	  0.00306
   0.6590	  0.00462
   0.6600	  0.00371
   0.6610	  0.00389
   0.6620	  0.00794
   0.6630	  0.00431
   0.6640	 -0.00093
   0.6650	  0.00162
   0.6660	  0.00376
   0.6670	  0.00550
   0.6680	  0.00541
   0.6690	  0.01047
   0.6700	  0.01382
   0.6710	  0.01510
   0.6720	  0.01470
   0.6730	  0.01170
   0.6740	  0.00954
   0.6750	  0.00940
   0.6760	  0.01054
   0.6770	  0.00768
   0.6780	  0.01100
   0.6790	  0.01147
   0.6800	  0.00899
   0.6810	  0.00810
   0.6820	  0.00480
   0.6830	  0.00887
   0.6840	  0.00728
   0.6850	  0.01393
   0.6860	  0.01087
   0.6870	  0.01323
   0.6880	  0.01061
   0.6890	  0.01069
   0.6900	  0.00914
   0.6910	  0.01007
   0.6920	  0.01561
   0.6930	  0.01063
   0.6940	  0.01259
   0.6950	  0.01585
   0.6960	  0.00872
   0.6970	  0.01121
   0.6980	  0.01462
   0.6990	  0.01463
   0.7000	  0.01173
   0.7010	  0.00988
   0.7020	  0.00758
   0.7030	  0.00484
   0.7040	  0.00866
   0.7050	  0.00586
   0.7060	  0.00550
   0.7070	  0.00925
   0.7080	  0.01069
   0.7090	  0.01155
   0.7100	  0.00856
   0.7110	  0.00695
   0.7120	  0.01533
   0.7130	  0.01311
   0.7140	  0.01691
   0.7150	  0.01410
   0.7160	  0.01608
   0.7170	  0.02431
   0.7180	  0.02952
   0.7190	  0.02162
   0.7200	  0.02146
   0.7210	  0.01505
   0.7220	  0.01414
   0.7230	  0.01781
   0.7240	  0.01960
   0.7250	  0.01729
   0.7260	  0.01805
   0.7270	  0.01734
   0.7280	  0.01697
   0.7290	  0.01371
   0.7300	  0.01413
   0.7310	  0.01466
   0.7320	  0.01265
   0.7330	  0.01435
   0.7340	  0.00766
   0.7350	  0.00541
   0.7360	  0.01089
   0.7370	  0.00583
   0.7380	  0.00549
   0.7390	  0.00792
   0.7400	  0.00927
   0.7410	  0.00687
   0.7420	  0.00938
   0.7430	  0.00828
   0.7440	  0.00697
   0.7450	  0.00562
   0.7460	  0.00703
   0.7470	  0.00409
   0.7480	  0.01020
   0.7490	  0.00669
   0.7500	  0.01089
   0.7510	  0.00968
   0.7520	  0.01361
   0.7530	  0.01723
   0.7540	  0.01161
   0.7550	  0.00719
   0.7560	  0.00700
   0.7570	  0.00802
   0.7580	  0.00622
   0.7590	  0.00932
   0.7600	  0.00602
   0.7610	  0.00707
   0.7620	  0.01197
   0.7630	  0.00631
   0.7640	  0.00755
   0.7650	  0.00744
   0.7660	  0.00618
   0.7670	  0.00667
   0.7680	  0.00664
   0.7690	  0.00515
   0.7700	  0.00723
   0.7710	  0.00819
   0.7720	  0.00815
   0.7730	  0.00642
   0.7740	  0.00641
   0.7750	  0.00537
   0.7760	  0.01368
   0.7770	  0.01020
   0.7780	  0.00994
   0.7790	  0.01096
   0.7800	  0.01020
   0.7810	  0.00942
   0.7820	  0.01367
   0.7830	  0.01122
   0.7840	  0.00943
   0.7850	  0.01173
   0.7860	  0.00900
   0.7870	  0.01155
   0.7880	  0.00993
   0.7890	  0.01463
   0.7900	  0.01818
   0.7910	  0.01233
   0.7920	  0.01183
   0.7930	  0.00770
   0.7940	  0.01056
   0.7950	  0.00866
   0.7960	  0.01005
   0.7970	  0.01048
   0.7980	  0.00577
   0.7990	  0.00859
   0.8000	  0.01172
   0.8010	  0.00784
   0.8020	  0.00886
   0.8030	  0.00652
   0.8040	  0.00491
   0.8050	  0.00369
   0.8060	  0.00852
   0.8070	  0.00598
   0.8080	  0.00794
   0.8090	  0.00734
   0.8100	  0.00712
   0.8110	  0.01006
   0.8120	  0.01190
   0.8130	  0.01292
   0.8140	  0.01400
   0.8150	  0.01370
   0.8160	  0.01511
   0.8170	  0.00995
   0.8180	  0.00756
   0.8190	  0.00704
   0.8200	  0.01295
   0.8210	  0.00668
   0.8220	  0.00387
   0.8230	  0.00665
   0.8240	  0.00770
   0.8250	  0.01283
   0.8260	  0.01129
   0.8270	  0.01557
   0.8280	  0.01609
   0.8290	  0.01550
   0.8300	  0.01159
   0.8310	  0.01039
   0.8320	  0.01381
   0.8330	  0.01013
   0.8340	  0.01351
   0.8350	  0.01141
   0.8360	  0.00540
   0.8370	  0.01087
   0.8380	  0.00818
   0.8390	  0.00398
   0.8400	  0.00287
   0.8410	  0.00318
   0.8420	  0.00371
   0.8430	  0.00881
   0.8440	  0.00216
   0.8450	  0.00235
   0.8460	  0.00167
   0.8470	  0.00729
   0.8480	  0.00279
   0.8490	  0.00323
   0.8500	  0.00637
   0.8510	  0.00818
   0.8520	  0.00837
   0.8530	  0.00625
   0.8540	  0.00726
   0.8550	  0.00279
   0.8560	  0.00509
   0.8570	  0.00199
   0.8580	  0.00464
   0.8590	  0.00409
   0.8600	  0.00424
   0.8610	  0.00353
   0.8620	  0.00165
   0.8630	  0.00018
   0.8640	  0.00665
   0.8650	  0.00516
   0.8660	  0.00068
   0.8670	  0.00566
   0.8680	  0.00275
   0.8690	  0.00276
   0.8700	  0.00109
   0.8710	  0.00219
   0.8720	  0.00042
   0.8730	 -0.00326
   0.8740	  0.00108
   0.8750	  0.00505
   0.8760	  0.00659
   0.8770	  0.00616
   0.8780	  0.00681
   0.8790	  0.00383
   0.8800	  0.00165
   0.8810	  0.00585
   0.8820	  0.00398
   0.8830	  0.00571
   0.8840	  0.00629
   0.8850	  0.00330
   0.8860	  0.00785
   0.8870	  0.00591
   0.8880	  0.00861
   0.8890	  0.00712
   0.8900	  0.00305
   0.8910	  0.00730
   0.8920	  0.00523
   0.8930	  0.00463
   0.8940	  0.00890
   0.8950	  0.00045
   0.8960	  0.01488
   0.8970	  0.00429
   0.8980	  0.00753
   0.8990	  0.00686
   0.9000	  0.00577
   0.9010	  0.00614
   0.9020	  0.00495
   0.9030	  0.00654
   0.9040	  0.00239
   0.9050	  0.00923
   0.9060	  0.00254
   0.9070	  0.00548
   0.9080	  0.00475
   0.9090	  0.00865
   0.9100	  0.00212
   0.9110	  0.00326
   0.9120	  0.00268
   0.9130	  0.00592
   0.9140	  0.00587
   0.9150	  0.00997
   0.9160	  0.01232
   0.9170	  0.01386
   0.9180	  0.01089
   0.9190	  0.02292
   0.9200	  0.01563
   0.9210	  0.01201
   0.9220	  0.01386
   0.9230	  0.01152
   0.9240	  0.00985
   0.9250	  0.00609
   0.9260	  0.00454
   0.9270	  0.00317
   0.9280	  0.00877
   0.9290	  0.00315
   0.9300	  0.00629
   0.9310	  0.00534
   0.9320	  0.00490
   0.9330	  0.00818
   0.9340	  0.01369
   0.9350	  0.01083
   0.9360	  0.01063
   0.9370	  0.01169
   0.9380	  0.01099
   0.9390	  0.01975
   0.9400	  0.01296
   0.9410	  0.00929
   0.9420	  0.00858
   0.9430	  0.00826
   0.9440	  0.00629
   0.9450	  0.00659
   0.9460	  0.00662
   0.9470	  0.00588
   0.9480	  0.00839
   0.9490	  0.01009
   0.9500	  0.01135
   0.9510	  0.01178
   0.9520	  0.01234
   0.9530	  0.01025
   0.9540	  0.01101
   0.9550	  0.00519
   0.9560	  0.00446
   0.9570	  0.00627
   0.9580	  0.00454
   0.9590	  0.00389
   0.9600	  0.00281
   0.9610	  0.00424
   0.9620	  0.01082
   0.9630	  0.00593
   0.9640	  0.01277
   0.9650	  0.00818
   0.9660	  0.00362
   0.9670	  0.00501
   0.9680	  0.00689
   0.9690	  0.00397
   0.9700	  0.00143
   0.9710	  0.00182
   0.9720	  0.00178
   0.9730	 -0.00028
   0.9740	  0.00161
   0.9750	 -0.00030
   0.9760	  0.00112
   0.9770	  0.00356
   0.9780	  0.00307
   0.9790	  0.00278
   0.9800	  0.00100
   0.9810	  0.00953
   0.9820	  0.00123
   0.9830	  0.00116
   0.9840	  0.00776
   0.9850	  0.00857
   0.9860	  0.00613
   0.9870	  0.00495
   0.9880	  0.00156
   0.9890	  0.00025
   0.9900	  0.00260
   0.9910	  0.00412
   0.9920	  0.00667
   0.9930	  0.00597
   0.9940	  0.00820
   0.9950	  0.00695
   0.9960	  0.00483
   0.9970	  0.00651
   0.9980	  0.00996
   0.9990	  0.00650
   1.0000	  0.01052
