## Jackknife output: chrom 4
## Bin(cM)	Covariance
   0.0010	  0.06383
   0.0020	  0.11795
   0.0030	  0.12722
   0.0040	  0.12887
   0.0050	  0.12765
   0.0060	  0.11852
   0.0070	  0.11756
   0.0080	  0.11633
   0.0090	  0.12271
   0.0100	  0.12253
   0.0110	  0.11250
   0.0120	  0.10286
   0.0130	  0.11299
   0.0140	  0.10120
   0.0150	  0.09301
   0.0160	  0.09363
   0.0170	  0.09430
   0.0180	  0.09391
   0.0190	  0.09331
   0.0200	  0.09494
   0.0210	  0.09220
   0.0220	  0.09579
   0.0230	  0.09118
   0.0240	  0.10313
   0.0250	  0.09812
   0.0260	  0.11109
   0.0270	  0.10507
   0.0280	  0.09158
   0.0290	  0.09545
   0.0300	  0.09019
   0.0310	  0.09388
   0.0320	  0.09720
   0.0330	  0.09790
   0.0340	  0.09343
   0.0350	  0.08893
   0.0360	  0.09132
   0.0370	  0.08751
   0.0380	  0.09302
   0.0390	  0.08764
   0.0400	  0.09392
   0.0410	  0.10134
   0.0420	  0.09427
   0.0430	  0.09153
   0.0440	  0.09181
   0.0450	  0.09484
   0.0460	  0.10310
   0.0470	  0.09697
   0.0480	  0.08739
   0.0490	  0.10448
   0.0500	  0.09494
   0.0510	  0.08471
   0.0520	  0.08748
   0.0530	  0.08163
   0.0540	  0.08403
   0.0550	  0.08300
   0.0560	  0.07805
   0.0570	  0.08181
   0.0580	  0.08502
   0.0590	  0.08523
   0.0600	  0.08555
   0.0610	  0.08656
   0.0620	  0.08272
   0.0630	  0.08695
   0.0640	  0.07914
   0.0650	  0.08112
   0.0660	  0.06558
   0.0670	  0.06398
   0.0680	  0.06136
   0.0690	  0.07220
   0.0700	  0.08248
   0.0710	  0.08326
   0.0720	  0.08529
   0.0730	  0.07831
   0.0740	  0.07343
   0.0750	  0.07914
   0.0760	  0.07895
   0.0770	  0.07242
   0.0780	  0.08663
   0.0790	  0.09775
   0.0800	  0.09270
   0.0810	  0.09448
   0.0820	  0.08085
   0.0830	  0.08601
   0.0840	  0.08696
   0.0850	  0.09102
   0.0860	  0.07762
   0.0870	  0.07195
   0.0880	  0.07457
   0.0890	  0.06595
   0.0900	  0.07603
   0.0910	  0.08444
   0.0920	  0.07550
   0.0930	  0.06433
   0.0940	  0.07327
   0.0950	  0.08269
   0.0960	  0.08474
   0.0970	  0.07302
   0.0980	  0.06510
   0.0990	  0.06303
   0.1000	  0.06897
   0.1010	  0.07245
   0.1020	  0.06550
   0.1030	  0.06888
   0.1040	  0.08076
   0.1050	  0.06769
   0.1060	  0.07186
   0.1070	  0.07735
   0.1080	  0.06600
   0.1090	  0.06649
   0.1100	  0.06900
   0.1110	  0.06960
   0.1120	  0.06876
   0.1130	  0.06755
   0.1140	  0.06632
   0.1150	  0.05902
   0.1160	  0.06701
   0.1170	  0.06561
   0.1180	  0.07569
   0.1190	  0.07744
   0.1200	  0.08237
   0.1210	  0.08094
   0.1220	  0.07727
   0.1230	  0.08756
   0.1240	  0.08169
   0.1250	  0.07167
   0.1260	  0.07766
   0.1270	  0.07798
   0.1280	  0.08353
   0.1290	  0.08543
   0.1300	  0.09595
   0.1310	  0.09027
   0.1320	  0.09779
   0.1330	  0.09730
   0.1340	  0.09621
   0.1350	  0.07560
   0.1360	  0.07357
   0.1370	  0.06134
   0.1380	  0.06421
   0.1390	  0.07190
   0.1400	  0.06839
   0.1410	  0.06693
   0.1420	  0.06957
   0.1430	  0.06108
   0.1440	  0.06368
   0.1450	  0.06865
   0.1460	  0.06040
   0.1470	  0.06243
   0.1480	  0.05425
   0.1490	  0.06775
   0.1500	  0.06112
   0.1510	  0.06310
   0.1520	  0.06649
   0.1530	  0.06245
   0.1540	  0.06436
   0.1550	  0.05785
   0.1560	  0.05577
   0.1570	  0.05845
   0.1580	  0.04877
   0.1590	  0.05218
   0.1600	  0.05010
   0.1610	  0.05443
   0.1620	  0.05491
   0.1630	  0.05530
   0.1640	  0.05812
   0.1650	  0.06254
   0.1660	  0.05926
   0.1670	  0.07315
   0.1680	  0.06936
   0.1690	  0.06464
   0.1700	  0.06426
   0.1710	  0.05787
   0.1720	  0.06207
   0.1730	  0.06022
   0.1740	  0.05873
   0.1750	  0.05421
   0.1760	  0.05987
   0.1770	  0.05526
   0.1780	  0.05889
   0.1790	  0.05631
   0.1800	  0.06671
   0.1810	  0.06553
   0.1820	  0.05350
   0.1830	  0.05505
   0.1840	  0.05030
   0.1850	  0.05829
   0.1860	  0.06125
   0.1870	  0.05708
   0.1880	  0.05399
   0.1890	  0.06145
   0.1900	  0.06408
   0.1910	  0.05431
   0.1920	  0.05149
   0.1930	  0.05353
   0.1940	  0.05016
   0.1950	  0.04811
   0.1960	  0.04699
   0.1970	  0.04254
   0.1980	  0.05301
   0.1990	  0.05558
   0.2000	  0.04613
   0.2010	  0.03808
   0.2020	  0.04759
   0.2030	  0.04806
   0.2040	  0.04917
   0.2050	  0.05262
   0.2060	  0.05930
   0.2070	  0.06514
   0.2080	  0.06823
   0.2090	  0.06367
   0.2100	  0.06827
   0.2110	  0.07876
   0.2120	  0.08043
   0.2130	  0.06512
   0.2140	  0.06302
   0.2150	  0.05723
   0.2160	  0.05492
   0.2170	  0.04674
   0.2180	  0.04485
   0.2190	  0.04961
   0.2200	  0.05216
   0.2210	  0.04416
   0.2220	  0.04710
   0.2230	  0.04675
   0.2240	  0.04590
   0.2250	  0.05200
   0.2260	  0.05085
   0.2270	  0.04609
   0.2280	  0.04773
   0.2290	  0.04176
   0.2300	  0.03778
   0.2310	  0.04328
   0.2320	  0.04200
   0.2330	  0.04319
   0.2340	  0.05189
   0.2350	  0.04865
   0.2360	  0.04726
   0.2370	  0.05169
   0.2380	  0.06047
   0.2390	  0.05878
   0.2400	  0.06402
   0.2410	  0.06300
   0.2420	  0.08088
   0.2430	  0.06162
   0.2440	  0.05643
   0.2450	  0.05205
   0.2460	  0.05384
   0.2470	  0.06491
   0.2480	  0.05990
   0.2490	  0.06105
   0.2500	  0.05159
   0.2510	  0.05634
   0.2520	  0.05967
   0.2530	  0.05428
   0.2540	  0.05269
   0.2550	  0.04099
   0.2560	  0.03713
   0.2570	  0.04204
   0.2580	  0.04029
   0.2590	  0.04242
   0.2600	  0.03986
   0.2610	  0.04257
   0.2620	  0.03623
   0.2630	  0.03492
   0.2640	  0.03189
   0.2650	  0.03454
   0.2660	  0.02855
   0.2670	  0.02975
   0.2680	  0.03322
   0.2690	  0.03103
   0.2700	  0.03569
   0.2710	  0.03345
   0.2720	  0.03506
   0.2730	  0.02799
   0.2740	  0.03626
   0.2750	  0.04026
   0.2760	  0.04676
   0.2770	  0.03926
   0.2780	  0.04491
   0.2790	  0.04659
   0.2800	  0.05041
   0.2810	  0.04296
   0.2820	  0.04594
   0.2830	  0.04574
   0.2840	  0.05529
   0.2850	  0.05735
   0.2860	  0.05107
   0.2870	  0.04269
   0.2880	  0.04554
   0.2890	  0.04957
   0.2900	  0.04707
   0.2910	  0.03810
   0.2920	  0.04018
   0.2930	  0.03499
   0.2940	  0.02840
   0.2950	  0.03411
   0.2960	  0.02971
   0.2970	  0.03182
   0.2980	  0.03868
   0.2990	  0.03410
   0.3000	  0.02955
   0.3010	  0.03856
   0.3020	  0.03550
   0.3030	  0.03718
   0.3040	  0.03057
   0.3050	  0.03285
   0.3060	  0.03842
   0.3070	  0.03413
   0.3080	  0.02965
   0.3090	  0.02843
   0.3100	  0.04281
   0.3110	  0.04094
   0.3120	  0.03247
   0.3130	  0.03682
   0.3140	  0.03220
   0.3150	  0.03620
   0.3160	  0.04021
   0.3170	  0.03967
   0.3180	  0.04720
   0.3190	  0.05027
   0.3200	  0.05353
   0.3210	  0.06485
   0.3220	  0.07425
   0.3230	  0.06251
   0.3240	  0.05267
   0.3250	  0.06009
   0.3260	  0.05851
   0.3270	  0.04765
   0.3280	  0.04452
   0.3290	  0.04594
   0.3300	  0.04665
   0.3310	  0.03554
   0.3320	  0.04850
   0.3330	  0.04005
   0.3340	  0.03543
   0.3350	  0.03355
   0.3360	  0.02805
   0.3370	  0.03166
   0.3380	  0.02767
   0.3390	  0.02740
   0.3400	  0.03493
   0.3410	  0.03167
   0.3420	  0.03026
   0.3430	  0.02516
   0.3440	  0.03039
   0.3450	  0.03286
   0.3460	  0.04311
   0.3470	  0.03098
   0.3480	  0.02862
   0.3490	  0.03503
   0.3500	  0.03328
   0.3510	  0.02924
   0.3520	  0.03307
   0.3530	  0.03316
   0.3540	  0.03747
   0.3550	  0.03524
   0.3560	  0.03327
   0.3570	  0.03308
   0.3580	  0.02997
   0.3590	  0.03037
   0.3600	  0.02780
   0.3610	  0.02807
   0.3620	  0.03210
   0.3630	  0.03156
   0.3640	  0.03220
   0.3650	  0.03505
   0.3660	  0.03179
   0.3670	  0.02824
   0.3680	  0.02985
   0.3690	  0.03417
   0.3700	  0.03656
   0.3710	  0.04313
   0.3720	  0.03122
   0.3730	  0.03567
   0.3740	  0.03302
   0.3750	  0.03363
   0.3760	  0.03806
   0.3770	  0.03542
   0.3780	  0.04138
   0.3790	  0.04213
   0.3800	  0.03430
   0.3810	  0.03744
   0.3820	  0.03632
   0.3830	  0.03690
   0.3840	  0.04350
   0.3850	  0.03896
   0.3860	  0.03853
   0.3870	  0.03786
   0.3880	  0.04086
   0.3890	  0.03522
   0.3900	  0.03055
   0.3910	  0.03627
   0.3920	  0.03799
   0.3930	  0.02757
   0.3940	  0.02570
   0.3950	  0.03236
   0.3960	  0.03364
   0.3970	  0.03753
   0.3980	  0.03613
   0.3990	  0.04864
   0.4000	  0.03947
   0.4010	  0.04751
   0.4020	  0.04141
   0.4030	  0.03779
   0.4040	  0.03519
   0.4050	  0.03391
   0.4060	  0.03080
   0.4070	  0.02927
   0.4080	  0.03892
   0.4090	  0.03550
   0.4100	  0.03362
   0.4110	  0.02884
   0.4120	  0.03162
   0.4130	  0.02376
   0.4140	  0.02493
   0.4150	  0.03005
   0.4160	  0.03021
   0.4170	  0.02159
   0.4180	  0.02156
   0.4190	  0.02127
   0.4200	  0.02251
   0.4210	  0.02656
   0.4220	  0.02565
   0.4230	  0.02666
   0.4240	  0.03833
   0.4250	  0.03068
   0.4260	  0.02516
   0.4270	  0.03098
   0.4280	  0.03015
   0.4290	  0.03282
   0.4300	  0.03310
   0.4310	  0.03860
   0.4320	  0.04162
   0.4330	  0.04397
   0.4340	  0.04062
   0.4350	  0.04638
   0.4360	  0.03821
   0.4370	  0.03464
   0.4380	  0.02985
   0.4390	  0.02909
   0.4400	  0.02777
   0.4410	  0.03090
   0.4420	  0.02722
   0.4430	  0.02497
   0.4440	  0.02658
   0.4450	  0.02660
   0.4460	  0.03242
   0.4470	  0.03202
   0.4480	  0.03214
   0.4490	  0.02773
   0.4500	  0.03223
   0.4510	  0.03143
   0.4520	  0.02924
   0.4530	  0.02772
   0.4540	  0.02220
   0.4550	  0.02363
   0.4560	  0.03437
   0.4570	  0.03502
   0.4580	  0.02242
   0.4590	  0.02493
   0.4600	  0.02901
   0.4610	  0.03318
   0.4620	  0.02459
   0.4630	  0.02279
   0.4640	  0.02439
   0.4650	  0.02718
   0.4660	  0.02756
   0.4670	  0.02632
   0.4680	  0.02853
   0.4690	  0.02828
   0.4700	  0.03276
   0.4710	  0.03202
   0.4720	  0.03582
   0.4730	  0.03137
   0.4740	  0.03671
   0.4750	  0.02809
   0.4760	  0.02334
   0.4770	  0.02189
   0.4780	  0.02459
   0.4790	  0.02100
   0.4800	  0.02439
   0.4810	  0.02432
   0.4820	  0.02462
   0.4830	  0.02722
   0.4840	  0.02456
   0.4850	  0.02775
   0.4860	  0.02842
   0.4870	  0.02579
   0.4880	  0.02457
   0.4890	  0.02675
   0.4900	  0.02065
   0.4910	  0.03023
   0.4920	  0.02764
   0.4930	  0.02263
   0.4940	  0.02253
   0.4950	  0.02005
   0.4960	  0.01554
   0.4970	  0.01786
   0.4980	  0.01646
   0.4990	  0.01182
   0.5000	  0.01751
   0.5010	  0.01864
   0.5020	  0.02214
   0.5030	  0.02223
   0.5040	  0.02347
   0.5050	  0.02414
   0.5060	  0.02550
   0.5070	  0.03136
   0.5080	  0.02459
   0.5090	  0.01959
   0.5100	  0.01955
   0.5110	  0.02378
   0.5120	  0.02130
   0.5130	  0.02248
   0.5140	  0.02518
   0.5150	  0.03038
   0.5160	  0.02991
   0.5170	  0.01788
   0.5180	  0.02508
   0.5190	  0.02410
   0.5200	  0.02225
   0.5210	  0.02556
   0.5220	  0.02175
   0.5230	  0.02145
   0.5240	  0.02209
   0.5250	  0.01922
   0.5260	  0.01757
   0.5270	  0.01653
   0.5280	  0.01443
   0.5290	  0.01850
   0.5300	  0.02025
   0.5310	  0.03175
   0.5320	  0.03756
   0.5330	  0.02833
   0.5340	  0.02995
   0.5350	  0.02607
   0.5360	  0.02426
   0.5370	  0.02209
   0.5380	  0.02123
   0.5390	  0.01857
   0.5400	  0.02519
   0.5410	  0.02320
   0.5420	  0.02316
   0.5430	  0.01806
   0.5440	  0.02113
   0.5450	  0.01909
   0.5460	  0.01449
   0.5470	  0.01771
   0.5480	  0.01318
   0.5490	  0.00888
   0.5500	  0.01115
   0.5510	  0.01013
   0.5520	  0.00917
   0.5530	  0.01479
   0.5540	  0.01311
   0.5550	  0.01909
   0.5560	  0.01689
   0.5570	  0.01782
   0.5580	  0.01370
   0.5590	  0.01449
   0.5600	  0.01832
   0.5610	  0.01222
   0.5620	  0.00973
   0.5630	  0.01081
   0.5640	  0.01129
   0.5650	  0.01265
   0.5660	  0.01515
   0.5670	  0.02052
   0.5680	  0.01726
   0.5690	  0.02060
   0.5700	  0.02496
   0.5710	  0.02229
   0.5720	  0.02313
   0.5730	  0.02415
   0.5740	  0.02698
   0.5750	  0.01955
   0.5760	  0.02138
   0.5770	  0.02052
   0.5780	  0.01350
   0.5790	  0.01850
   0.5800	  0.01819
   0.5810	  0.01174
   0.5820	  0.00747
   0.5830	  0.01011
   0.5840	  0.01049
   0.5850	  0.00991
   0.5860	  0.01174
   0.5870	  0.01390
   0.5880	  0.01481
   0.5890	  0.01076
   0.5900	  0.02067
   0.5910	  0.01814
   0.5920	  0.01264
   0.5930	  0.02229
   0.5940	  0.01825
   0.5950	  0.01140
   0.5960	  0.01141
   0.5970	  0.01128
   0.5980	  0.01137
   0.5990	  0.00425
   0.6000	  0.00582
   0.6010	  0.00504
   0.6020	  0.00726
   0.6030	  0.01144
   0.6040	  0.00916
   0.6050	  0.01000
   0.6060	  0.00658
   0.6070	  0.01069
   0.6080	  0.01401
   0.6090	  0.01448
   0.6100	  0.01675
   0.6110	  0.02059
   0.6120	  0.01599
   0.6130	  0.01499
   0.6140	  0.01840
   0.6150	  0.01970
   0.6160	  0.02214
   0.6170	  0.01944
   0.6180	  0.01631
   0.6190	  0.01561
   0.6200	  0.01390
   0.6210	  0.01118
   0.6220	  0.01063
   0.6230	  0.01124
   0.6240	  0.01310
   0.6250	  0.01283
   0.6260	  0.01073
   0.6270	  0.01364
   0.6280	  0.01091
   0.6290	  0.00913
   0.6300	  0.00901
   0.6310	  0.01068
   0.6320	  0.00852
   0.6330	  0.00665
   0.6340	  0.00973
   0.6350	  0.01437
   0.6360	  0.01214
   0.6370	  0.00548
   0.6380	  0.01324
   0.6390	  0.01771
   0.6400	  0.02054
   0.6410	  0.01829
   0.6420	  0.01982
   0.6430	  0.01489
   0.6440	  0.01158
   0.6450	  0.01487
   0.6460	  0.01481
   0.6470	  0.01266
   0.6480	  0.01631
   0.6490	  0.01145
   0.6500	  0.01738
   0.6510	  0.02355
   0.6520	  0.02248
   0.6530	  0.01772
   0.6540	  0.01708
   0.6550	  0.01827
   0.6560	  0.01448
   0.6570	  0.01230
   0.6580	  0.00723
   0.6590	  0.01044
   0.6600	  0.01237
   0.6610	  0.01334
   0.6620	  0.01099
   0.6630	  0.00963
   0.6640	  0.00432
   0.6650	  0.00653
   0.6660	  0.00658
   0.6670	  0.01042
   0.6680	  0.00875
   0.6690	  0.01517
   0.6700	  0.01747
   0.6710	  0.02038
   0.6720	  0.02086
   0.6730	  0.01456
   0.6740	  0.01598
   0.6750	  0.01004
   0.6760	  0.01283
   0.6770	  0.00943
   0.6780	  0.01460
   0.6790	  0.01540
   0.6800	  0.01079
   0.6810	  0.00963
   0.6820	  0.00627
   0.6830	  0.00996
   0.6840	  0.00865
   0.6850	  0.01628
   0.6860	  0.01355
   0.6870	  0.01505
   0.6880	  0.01331
   0.6890	  0.01124
   0.6900	  0.01025
   0.6910	  0.01260
   0.6920	  0.01695
   0.6930	  0.01129
   0.6940	  0.01314
   0.6950	  0.01730
   0.6960	  0.00985
   0.6970	  0.01215
   0.6980	  0.01575
   0.6990	  0.01616
   0.7000	  0.01332
   0.7010	  0.01090
   0.7020	  0.00901
   0.7030	  0.00720
   0.7040	  0.01048
   0.7050	  0.00646
   0.7060	  0.00749
   0.7070	  0.00867
   0.7080	  0.01300
   0.7090	  0.01214
   0.7100	  0.00876
   0.7110	  0.00879
   0.7120	  0.01589
   0.7130	  0.01491
   0.7140	  0.02088
   0.7150	  0.01658
   0.7160	  0.01951
   0.7170	  0.02599
   0.7180	  0.03131
   0.7190	  0.02390
   0.7200	  0.02180
   0.7210	  0.01553
   0.7220	  0.01442
   0.7230	  0.01813
   0.7240	  0.01981
   0.7250	  0.02097
   0.7260	  0.01925
   0.7270	  0.02016
   0.7280	  0.01845
   0.7290	  0.01686
   0.7300	  0.01463
   0.7310	  0.01528
   0.7320	  0.01453
   0.7330	  0.01856
   0.7340	  0.01161
   0.7350	  0.01108
   0.7360	  0.01335
   0.7370	  0.00794
   0.7380	  0.00593
   0.7390	  0.00946
   0.7400	  0.01121
   0.7410	  0.00893
   0.7420	  0.01146
   0.7430	  0.01088
   0.7440	  0.00784
   0.7450	  0.00807
   0.7460	  0.00918
   0.7470	  0.00733
   0.7480	  0.01313
   0.7490	  0.01091
   0.7500	  0.01477
   0.7510	  0.01402
   0.7520	  0.01858
   0.7530	  0.02239
   0.7540	  0.01784
   0.7550	  0.01299
   0.7560	  0.01139
   0.7570	  0.01309
   0.7580	  0.01226
   0.7590	  0.01411
   0.7600	  0.00851
   0.7610	  0.00869
   0.7620	  0.01392
   0.7630	  0.01019
   0.7640	  0.01032
   0.7650	  0.01077
   0.7660	  0.00742
   0.7670	  0.00925
   0.7680	  0.00914
   0.7690	  0.00895
   0.7700	  0.00989
   0.7710	  0.01030
   0.7720	  0.01144
   0.7730	  0.00881
   0.7740	  0.01072
   0.7750	  0.00822
   0.7760	  0.01723
   0.7770	  0.01325
   0.7780	  0.01143
   0.7790	  0.01505
   0.7800	  0.01573
   0.7810	  0.01929
   0.7820	  0.02023
   0.7830	  0.02527
   0.7840	  0.02354
   0.7850	  0.01993
   0.7860	  0.01400
   0.7870	  0.01761
   0.7880	  0.01472
   0.7890	  0.02213
   0.7900	  0.02371
   0.7910	  0.02422
   0.7920	  0.01820
   0.7930	  0.02579
   0.7940	  0.02591
   0.7950	  0.02845
   0.7960	  0.02302
   0.7970	  0.02562
   0.7980	  0.01660
   0.7990	  0.02051
   0.8000	  0.01864
   0.8010	  0.01779
   0.8020	  0.01530
   0.8030	  0.01555
   0.8040	  0.01417
   0.8050	  0.00799
   0.8060	  0.01014
   0.8070	  0.00862
   0.8080	  0.01296
   0.8090	  0.00859
   0.8100	  0.00874
   0.8110	  0.00913
   0.8120	  0.01317
   0.8130	  0.01208
   0.8140	  0.01536
   0.8150	  0.01480
   0.8160	  0.01598
   0.8170	  0.01221
   0.8180	  0.00894
   0.8190	  0.01209
   0.8200	  0.01977
   0.8210	  0.01471
   0.8220	  0.00909
   0.8230	  0.01190
   0.8240	  0.01077
   0.8250	  0.01634
   0.8260	  0.01335
   0.8270	  0.01718
   0.8280	  0.01764
   0.8290	  0.01811
   0.8300	  0.01468
   0.8310	  0.01177
   0.8320	  0.01581
   0.8330	  0.01081
   0.8340	  0.01430
   0.8350	  0.01363
   0.8360	  0.00637
   0.8370	  0.01250
   0.8380	  0.00880
   0.8390	  0.00505
   0.8400	  0.00425
   0.8410	  0.00250
   0.8420	  0.00454
   0.8430	  0.01183
   0.8440	  0.00587
   0.8450	  0.00544
   0.8460	  0.00524
   0.8470	  0.01096
   0.8480	  0.00526
   0.8490	  0.00612
   0.8500	  0.00773
   0.8510	  0.01086
   0.8520	  0.01266
   0.8530	  0.01158
   0.8540	  0.01178
   0.8550	  0.00626
   0.8560	  0.01359
   0.8570	  0.00640
   0.8580	  0.00925
   0.8590	  0.01017
   0.8600	  0.00686
   0.8610	  0.01083
   0.8620	  0.00771
   0.8630	  0.00261
   0.8640	  0.01801
   0.8650	  0.01392
   0.8660	  0.01192
   0.8670	  0.01249
   0.8680	  0.00785
   0.8690	  0.00546
   0.8700	  0.00607
   0.8710	  0.00645
   0.8720	  0.00429
   0.8730	  0.00245
   0.8740	  0.00877
   0.8750	  0.00933
   0.8760	  0.01274
   0.8770	  0.01204
   0.8780	  0.01237
   0.8790	  0.01135
   0.8800	  0.00371
   0.8810	  0.00964
   0.8820	  0.00283
   0.8830	  0.00763
   0.8840	  0.01237
   0.8850	  0.00869
   0.8860	  0.00962
   0.8870	  0.00845
   0.8880	  0.01010
   0.8890	  0.00819
   0.8900	  0.00624
   0.8910	  0.01050
   0.8920	  0.00909
   0.8930	  0.01142
   0.8940	  0.01114
   0.8950	  0.00311
   0.8960	  0.01613
   0.8970	  0.00617
   0.8980	  0.00994
   0.8990	  0.00602
   0.9000	  0.00532
   0.9010	  0.00810
   0.9020	  0.00816
   0.9030	  0.00971
   0.9040	  0.00794
   0.9050	  0.01579
   0.9060	  0.00667
   0.9070	  0.00593
   0.9080	  0.00512
   0.9090	  0.01098
   0.9100	  0.00488
   0.9110	  0.00839
   0.9120	  0.00946
   0.9130	  0.01109
   0.9140	  0.01014
   0.9150	  0.01293
   0.9160	  0.01418
   0.9170	  0.01619
   0.9180	  0.01287
   0.9190	  0.02678
   0.9200	  0.01955
   0.9210	  0.01546
   0.9220	  0.01815
   0.9230	  0.02190
   0.9240	  0.02273
   0.9250	  0.02019
   0.9260	  0.01588
   0.9270	  0.01190
   0.9280	  0.01595
   0.9290	  0.00544
   0.9300	  0.00825
   0.9310	  0.00951
   0.9320	  0.00816
   0.9330	  0.01496
   0.9340	  0.01644
   0.9350	  0.01187
   0.9360	  0.01103
   0.9370	  0.01215
   0.9380	  0.01333
   0.9390	  0.01821
   0.9400	  0.01307
   0.9410	  0.00847
   0.9420	  0.00845
   0.9430	  0.00818
   0.9440	  0.00680
   0.9450	  0.00670
   0.9460	  0.00641
   0.9470	  0.00759
   0.9480	  0.00919
   0.9490	  0.01034
   0.9500	  0.01227
   0.9510	  0.01217
   0.9520	  0.01285
   0.9530	  0.01116
   0.9540	  0.01378
   0.9550	  0.00681
   0.9560	  0.00873
   0.9570	  0.00859
   0.9580	  0.00770
   0.9590	  0.00509
   0.9600	  0.00548
   0.9610	  0.00567
   0.9620	  0.01017
   0.9630	  0.00504
   0.9640	  0.01410
   0.9650	  0.00760
   0.9660	  0.00460
   0.9670	  0.00570
   0.9680	  0.00971
   0.9690	  0.00410
   0.9700	  0.00323
   0.9710	  0.00272
   0.9720	  0.00204
   0.9730	 -0.00100
   0.9740	  0.00216
   0.9750	 -0.00025
   0.9760	  0.00179
   0.9770	  0.00454
   0.9780	  0.00369
   0.9790	  0.00288
   0.9800	 -0.00015
   0.9810	  0.00910
   0.9820	  0.00071
   0.9830	  0.00150
   0.9840	  0.00812
   0.9850	  0.00982
   0.9860	  0.00615
   0.9870	  0.00606
   0.9880	  0.00410
   0.9890	  0.00297
   0.9900	  0.00533
   0.9910	  0.00719
   0.9920	  0.00961
   0.9930	  0.00928
   0.9940	  0.01197
   0.9950	  0.01290
   0.9960	  0.01383
   0.9970	  0.01447
   0.9980	  0.01980
   0.9990	  0.01380
   1.0000	  0.01712
