## Jackknife output: chrom 5
## Bin(cM)	Covariance
   0.0010	  0.06386
   0.0020	  0.11786
   0.0030	  0.12697
   0.0040	  0.12718
   0.0050	  0.12509
   0.0060	  0.11554
   0.0070	  0.11433
   0.0080	  0.11407
   0.0090	  0.12146
   0.0100	  0.12190
   0.0110	  0.11360
   0.0120	  0.10111
   0.0130	  0.11232
   0.0140	  0.10387
   0.0150	  0.09598
   0.0160	  0.09545
   0.0170	  0.09420
   0.0180	  0.09320
   0.0190	  0.09242
   0.0200	  0.09340
   0.0210	  0.09162
   0.0220	  0.09406
   0.0230	  0.08897
   0.0240	  0.10010
   0.0250	  0.09613
   0.0260	  0.10974
   0.0270	  0.10266
   0.0280	  0.09146
   0.0290	  0.09351
   0.0300	  0.08957
   0.0310	  0.09188
   0.0320	  0.09441
   0.0330	  0.09442
   0.0340	  0.09073
   0.0350	  0.08653
   0.0360	  0.09048
   0.0370	  0.08712
   0.0380	  0.09039
   0.0390	  0.08585
   0.0400	  0.09037
   0.0410	  0.09752
   0.0420	  0.09177
   0.0430	  0.08778
   0.0440	  0.08926
   0.0450	  0.09160
   0.0460	  0.10033
   0.0470	  0.09437
   0.0480	  0.08522
   0.0490	  0.10348
   0.0500	  0.09674
   0.0510	  0.08198
   0.0520	  0.08634
   0.0530	  0.08077
   0.0540	  0.08126
   0.0550	  0.07710
   0.0560	  0.07176
   0.0570	  0.07979
   0.0580	  0.08274
   0.0590	  0.08549
   0.0600	  0.08510
   0.0610	  0.08309
   0.0620	  0.08020
   0.0630	  0.08516
   0.0640	  0.07767
   0.0650	  0.08034
   0.0660	  0.06459
   0.0670	  0.06343
   0.0680	  0.06060
   0.0690	  0.07241
   0.0700	  0.08194
   0.0710	  0.07978
   0.0720	  0.08229
   0.0730	  0.07684
   0.0740	  0.06988
   0.0750	  0.07573
   0.0760	  0.07537
   0.0770	  0.06862
   0.0780	  0.08261
   0.0790	  0.09422
   0.0800	  0.09099
   0.0810	  0.09211
   0.0820	  0.07810
   0.0830	  0.08205
   0.0840	  0.08374
   0.0850	  0.08635
   0.0860	  0.07382
   0.0870	  0.06900
   0.0880	  0.07033
   0.0890	  0.06122
   0.0900	  0.07265
   0.0910	  0.08130
   0.0920	  0.07153
   0.0930	  0.06083
   0.0940	  0.07046
   0.0950	  0.08048
   0.0960	  0.08066
   0.0970	  0.06914
   0.0980	  0.06385
   0.0990	  0.06081
   0.1000	  0.06862
   0.1010	  0.07051
   0.1020	  0.06217
   0.1030	  0.06515
   0.1040	  0.07733
   0.1050	  0.06479
   0.1060	  0.06876
   0.1070	  0.07286
   0.1080	  0.06161
   0.1090	  0.06385
   0.1100	  0.06492
   0.1110	  0.06486
   0.1120	  0.06053
   0.1130	  0.06112
   0.1140	  0.06056
   0.1150	  0.05519
   0.1160	  0.06105
   0.1170	  0.06026
   0.1180	  0.06981
   0.1190	  0.07236
   0.1200	  0.07488
   0.1210	  0.07509
   0.1220	  0.07553
   0.1230	  0.08399
   0.1240	  0.07919
   0.1250	  0.07081
   0.1260	  0.07466
   0.1270	  0.07723
   0.1280	  0.08222
   0.1290	  0.08494
   0.1300	  0.09622
   0.1310	  0.09062
   0.1320	  0.09709
   0.1330	  0.09874
   0.1340	  0.09710
   0.1350	  0.07884
   0.1360	  0.07487
   0.1370	  0.06118
   0.1380	  0.06250
   0.1390	  0.06911
   0.1400	  0.06567
   0.1410	  0.06616
   0.1420	  0.06541
   0.1430	  0.05623
   0.1440	  0.06042
   0.1450	  0.06616
   0.1460	  0.05688
   0.1470	  0.05982
   0.1480	  0.04943
   0.1490	  0.06447
   0.1500	  0.05788
   0.1510	  0.05940
   0.1520	  0.06082
   0.1530	  0.05972
   0.1540	  0.06070
   0.1550	  0.05365
   0.1560	  0.04857
   0.1570	  0.05284
   0.1580	  0.04544
   0.1590	  0.04708
   0.1600	  0.04123
   0.1610	  0.04762
   0.1620	  0.04847
   0.1630	  0.04713
   0.1640	  0.05240
   0.1650	  0.05488
   0.1660	  0.05423
   0.1670	  0.06869
   0.1680	  0.06206
   0.1690	  0.05944
   0.1700	  0.05961
   0.1710	  0.05087
   0.1720	  0.05638
   0.1730	  0.05442
   0.1740	  0.05274
   0.1750	  0.04628
   0.1760	  0.05101
   0.1770	  0.04892
   0.1780	  0.05074
   0.1790	  0.05001
   0.1800	  0.05967
   0.1810	  0.06050
   0.1820	  0.05010
   0.1830	  0.05181
   0.1840	  0.04545
   0.1850	  0.05197
   0.1860	  0.05387
   0.1870	  0.05605
   0.1880	  0.05344
   0.1890	  0.05924
   0.1900	  0.06204
   0.1910	  0.05323
   0.1920	  0.04934
   0.1930	  0.05050
   0.1940	  0.04854
   0.1950	  0.04629
   0.1960	  0.04364
   0.1970	  0.03961
   0.1980	  0.04947
   0.1990	  0.05281
   0.2000	  0.04411
   0.2010	  0.03578
   0.2020	  0.04647
   0.2030	  0.04963
   0.2040	  0.04893
   0.2050	  0.04956
   0.2060	  0.05386
   0.2070	  0.05849
   0.2080	  0.06416
   0.2090	  0.06105
   0.2100	  0.06598
   0.2110	  0.07693
   0.2120	  0.07679
   0.2130	  0.06305
   0.2140	  0.06192
   0.2150	  0.05610
   0.2160	  0.05087
   0.2170	  0.04242
   0.2180	  0.04224
   0.2190	  0.04962
   0.2200	  0.05465
   0.2210	  0.04301
   0.2220	  0.04657
   0.2230	  0.04616
   0.2240	  0.04387
   0.2250	  0.05091
   0.2260	  0.04854
   0.2270	  0.04443
   0.2280	  0.04556
   0.2290	  0.03842
   0.2300	  0.03567
   0.2310	  0.04131
   0.2320	  0.03910
   0.2330	  0.03967
   0.2340	  0.05047
   0.2350	  0.04824
   0.2360	  0.04588
   0.2370	  0.05107
   0.2380	  0.06034
   0.2390	  0.05999
   0.2400	  0.06498
   0.2410	  0.06329
   0.2420	  0.08002
   0.2430	  0.06021
   0.2440	  0.05435
   0.2450	  0.05063
   0.2460	  0.05136
   0.2470	  0.06165
   0.2480	  0.05626
   0.2490	  0.05939
   0.2500	  0.05073
   0.2510	  0.05461
   0.2520	  0.05781
   0.2530	  0.05217
   0.2540	  0.05016
   0.2550	  0.04001
   0.2560	  0.03612
   0.2570	  0.04062
   0.2580	  0.04006
   0.2590	  0.04082
   0.2600	  0.03708
   0.2610	  0.04133
   0.2620	  0.03416
   0.2630	  0.03024
   0.2640	  0.02929
   0.2650	  0.03382
   0.2660	  0.02725
   0.2670	  0.02658
   0.2680	  0.03124
   0.2690	  0.03137
   0.2700	  0.03556
   0.2710	  0.03286
   0.2720	  0.03454
   0.2730	  0.02644
   0.2740	  0.03562
   0.2750	  0.03971
   0.2760	  0.04546
   0.2770	  0.03925
   0.2780	  0.04557
   0.2790	  0.04439
   0.2800	  0.04731
   0.2810	  0.04089
   0.2820	  0.04303
   0.2830	  0.04322
   0.2840	  0.05502
   0.2850	  0.05574
   0.2860	  0.04709
   0.2870	  0.04017
   0.2880	  0.04212
   0.2890	  0.04627
   0.2900	  0.04166
   0.2910	  0.03509
   0.2920	  0.03936
   0.2930	  0.03271
   0.2940	  0.02574
   0.2950	  0.03137
   0.2960	  0.02588
   0.2970	  0.02956
   0.2980	  0.03726
   0.2990	  0.03082
   0.3000	  0.02549
   0.3010	  0.03377
   0.3020	  0.03272
   0.3030	  0.03407
   0.3040	  0.02791
   0.3050	  0.03190
   0.3060	  0.03494
   0.3070	  0.03552
   0.3080	  0.03179
   0.3090	  0.02843
   0.3100	  0.03992
   0.3110	  0.04014
   0.3120	  0.03178
   0.3130	  0.03598
   0.3140	  0.03231
   0.3150	  0.03594
   0.3160	  0.03890
   0.3170	  0.03994
   0.3180	  0.04642
   0.3190	  0.05004
   0.3200	  0.05199
   0.3210	  0.06277
   0.3220	  0.07296
   0.3230	  0.06106
   0.3240	  0.05250
   0.3250	  0.05984
   0.3260	  0.05623
   0.3270	  0.04850
   0.3280	  0.04415
   0.3290	  0.04654
   0.3300	  0.04329
   0.3310	  0.03325
   0.3320	  0.04508
   0.3330	  0.03714
   0.3340	  0.03215
   0.3350	  0.03151
   0.3360	  0.03062
   0.3370	  0.03116
   0.3380	  0.02845
   0.3390	  0.02474
   0.3400	  0.03250
   0.3410	  0.02940
   0.3420	  0.02631
   0.3430	  0.02134
   0.3440	  0.02670
   0.3450	  0.02726
   0.3460	  0.03675
   0.3470	  0.02641
   0.3480	  0.02451
   0.3490	  0.03187
   0.3500	  0.03115
   0.3510	  0.02724
   0.3520	  0.03166
   0.3530	  0.02985
   0.3540	  0.03233
   0.3550	  0.03177
   0.3560	  0.02985
   0.3570	  0.03050
   0.3580	  0.02607
   0.3590	  0.02777
   0.3600	  0.02485
   0.3610	  0.02515
   0.3620	  0.02788
   0.3630	  0.03209
   0.3640	  0.02901
   0.3650	  0.03377
   0.3660	  0.02993
   0.3670	  0.02540
   0.3680	  0.02817
   0.3690	  0.03199
   0.3700	  0.03406
   0.3710	  0.04009
   0.3720	  0.02883
   0.3730	  0.03332
   0.3740	  0.03052
   0.3750	  0.03175
   0.3760	  0.03628
   0.3770	  0.03394
   0.3780	  0.03938
   0.3790	  0.04054
   0.3800	  0.03314
   0.3810	  0.03676
   0.3820	  0.03512
   0.3830	  0.03474
   0.3840	  0.04108
   0.3850	  0.03726
   0.3860	  0.03709
   0.3870	  0.03605
   0.3880	  0.03900
   0.3890	  0.03383
   0.3900	  0.02785
   0.3910	  0.03325
   0.3920	  0.03645
   0.3930	  0.02567
   0.3940	  0.02425
   0.3950	  0.03138
   0.3960	  0.03292
   0.3970	  0.03535
   0.3980	  0.03530
   0.3990	  0.04553
   0.4000	  0.03691
   0.4010	  0.04458
   0.4020	  0.03849
   0.4030	  0.03419
   0.4040	  0.03398
   0.4050	  0.03161
   0.4060	  0.02880
   0.4070	  0.02725
   0.4080	  0.03768
   0.4090	  0.03416
   0.4100	  0.03274
   0.4110	  0.02880
   0.4120	  0.03143
   0.4130	  0.02361
   0.4140	  0.02416
   0.4150	  0.02939
   0.4160	  0.02931
   0.4170	  0.02016
   0.4180	  0.02069
   0.4190	  0.01972
   0.4200	  0.02116
   0.4210	  0.02492
   0.4220	  0.02378
   0.4230	  0.02533
   0.4240	  0.03662
   0.4250	  0.02932
   0.4260	  0.02423
   0.4270	  0.03114
   0.4280	  0.02998
   0.4290	  0.03171
   0.4300	  0.03233
   0.4310	  0.03743
   0.4320	  0.03938
   0.4330	  0.04156
   0.4340	  0.03785
   0.4350	  0.04371
   0.4360	  0.03610
   0.4370	  0.03381
   0.4380	  0.02995
   0.4390	  0.02858
   0.4400	  0.02715
   0.4410	  0.02859
   0.4420	  0.02693
   0.4430	  0.02511
   0.4440	  0.02591
   0.4450	  0.02553
   0.4460	  0.03083
   0.4470	  0.03073
   0.4480	  0.03151
   0.4490	  0.02668
   0.4500	  0.03252
   0.4510	  0.03242
   0.4520	  0.03047
   0.4530	  0.02731
   0.4540	  0.02325
   0.4550	  0.02385
   0.4560	  0.03316
   0.4570	  0.03512
   0.4580	  0.02215
   0.4590	  0.02559
   0.4600	  0.02912
   0.4610	  0.03397
   0.4620	  0.02404
   0.4630	  0.02174
   0.4640	  0.02202
   0.4650	  0.02324
   0.4660	  0.02628
   0.4670	  0.02353
   0.4680	  0.02392
   0.4690	  0.02227
   0.4700	  0.02706
   0.4710	  0.02718
   0.4720	  0.03209
   0.4730	  0.02764
   0.4740	  0.03040
   0.4750	  0.02317
   0.4760	  0.01976
   0.4770	  0.01997
   0.4780	  0.02322
   0.4790	  0.01923
   0.4800	  0.02334
   0.4810	  0.02290
   0.4820	  0.02395
   0.4830	  0.02588
   0.4840	  0.02411
   0.4850	  0.02744
   0.4860	  0.02715
   0.4870	  0.02495
   0.4880	  0.02302
   0.4890	  0.02533
   0.4900	  0.01824
   0.4910	  0.02809
   0.4920	  0.02375
   0.4930	  0.01942
   0.4940	  0.02083
   0.4950	  0.01870
   0.4960	  0.01345
   0.4970	  0.01626
   0.4980	  0.01523
   0.4990	  0.01071
   0.5000	  0.01571
   0.5010	  0.01876
   0.5020	  0.02015
   0.5030	  0.02056
   0.5040	  0.02160
   0.5050	  0.02377
   0.5060	  0.02469
   0.5070	  0.02998
   0.5080	  0.02302
   0.5090	  0.01706
   0.5100	  0.01631
   0.5110	  0.01975
   0.5120	  0.02011
   0.5130	  0.01941
   0.5140	  0.02265
   0.5150	  0.02795
   0.5160	  0.02713
   0.5170	  0.01516
   0.5180	  0.02238
   0.5190	  0.02262
   0.5200	  0.02065
   0.5210	  0.02504
   0.5220	  0.02123
   0.5230	  0.01811
   0.5240	  0.01819
   0.5250	  0.01369
   0.5260	  0.01352
   0.5270	  0.01284
   0.5280	  0.01006
   0.5290	  0.01378
   0.5300	  0.01571
   0.5310	  0.02980
   0.5320	  0.03341
   0.5330	  0.02480
   0.5340	  0.02753
   0.5350	  0.02569
   0.5360	  0.02200
   0.5370	  0.01988
   0.5380	  0.02005
   0.5390	  0.01709
   0.5400	  0.02385
   0.5410	  0.02231
   0.5420	  0.02118
   0.5430	  0.01603
   0.5440	  0.01958
   0.5450	  0.01792
   0.5460	  0.01330
   0.5470	  0.01712
   0.5480	  0.01278
   0.5490	  0.00845
   0.5500	  0.01051
   0.5510	  0.00876
   0.5520	  0.00876
   0.5530	  0.01486
   0.5540	  0.01264
   0.5550	  0.01818
   0.5560	  0.01575
   0.5570	  0.01657
   0.5580	  0.01333
   0.5590	  0.01334
   0.5600	  0.01693
   0.5610	  0.01178
   0.5620	  0.00951
   0.5630	  0.01074
   0.5640	  0.01145
   0.5650	  0.01142
   0.5660	  0.01418
   0.5670	  0.02036
   0.5680	  0.01747
   0.5690	  0.02024
   0.5700	  0.02475
   0.5710	  0.02128
   0.5720	  0.02199
   0.5730	  0.02301
   0.5740	  0.02590
   0.5750	  0.01922
   0.5760	  0.02088
   0.5770	  0.01885
   0.5780	  0.01310
   0.5790	  0.01875
   0.5800	  0.01839
   0.5810	  0.01228
   0.5820	  0.00745
   0.5830	  0.00993
   0.5840	  0.01175
   0.5850	  0.01043
   0.5860	  0.01288
   0.5870	  0.01441
   0.5880	  0.01525
   0.5890	  0.01221
   0.5900	  0.02064
   0.5910	  0.01866
   0.5920	  0.01327
   0.5930	  0.02281
   0.5940	  0.01860
   0.5950	  0.01184
   0.5960	  0.01283
   0.5970	  0.01204
   0.5980	  0.01209
   0.5990	  0.00433
   0.6000	  0.00615
   0.6010	  0.00502
   0.6020	  0.00731
   0.6030	  0.01136
   0.6040	  0.00918
   0.6050	  0.00982
   0.6060	  0.00605
   0.6070	  0.00982
   0.6080	  0.01477
   0.6090	  0.01457
   0.6100	  0.01746
   0.6110	  0.02023
   0.6120	  0.01506
   0.6130	  0.01345
   0.6140	  0.01721
   0.6150	  0.01911
   0.6160	  0.02110
   0.6170	  0.01822
   0.6180	  0.01456
   0.6190	  0.01274
   0.6200	  0.01176
   0.6210	  0.00991
   0.6220	  0.00969
   0.6230	  0.00962
   0.6240	  0.01139
   0.6250	  0.01063
   0.6260	  0.00929
   0.6270	  0.01317
   0.6280	  0.01104
   0.6290	  0.00883
   0.6300	  0.00963
   0.6310	  0.00897
   0.6320	  0.00796
   0.6330	  0.00549
   0.6340	  0.00873
   0.6350	  0.01282
   0.6360	  0.01084
   0.6370	  0.00462
   0.6380	  0.01257
   0.6390	  0.01682
   0.6400	  0.01859
   0.6410	  0.01734
   0.6420	  0.01968
   0.6430	  0.01457
   0.6440	  0.00969
   0.6450	  0.01344
   0.6460	  0.01277
   0.6470	  0.00994
   0.6480	  0.01296
   0.6490	  0.00904
   0.6500	  0.01563
   0.6510	  0.02293
   0.6520	  0.02116
   0.6530	  0.01499
   0.6540	  0.01487
   0.6550	  0.01352
   0.6560	  0.01210
   0.6570	  0.01099
   0.6580	  0.00614
   0.6590	  0.01055
   0.6600	  0.01064
   0.6610	  0.01302
   0.6620	  0.01083
   0.6630	  0.00792
   0.6640	  0.00318
   0.6650	  0.00388
   0.6660	  0.00440
   0.6670	  0.00835
   0.6680	  0.00761
   0.6690	  0.01363
   0.6700	  0.01684
   0.6710	  0.01819
   0.6720	  0.01876
   0.6730	  0.01318
   0.6740	  0.01362
   0.6750	  0.00841
   0.6760	  0.01085
   0.6770	  0.00834
   0.6780	  0.01187
   0.6790	  0.01525
   0.6800	  0.01039
   0.6810	  0.00914
   0.6820	  0.00540
   0.6830	  0.00938
   0.6840	  0.00927
   0.6850	  0.01557
   0.6860	  0.01281
   0.6870	  0.01436
   0.6880	  0.01221
   0.6890	  0.01109
   0.6900	  0.01017
   0.6910	  0.01203
   0.6920	  0.01617
   0.6930	  0.01049
   0.6940	  0.01176
   0.6950	  0.01560
   0.6960	  0.00858
   0.6970	  0.01096
   0.6980	  0.01560
   0.6990	  0.01485
   0.7000	  0.01173
   0.7010	  0.00971
   0.7020	  0.00748
   0.7030	  0.00470
   0.7040	  0.00990
   0.7050	  0.00626
   0.7060	  0.00780
   0.7070	  0.00853
   0.7080	  0.01271
   0.7090	  0.01205
   0.7100	  0.00809
   0.7110	  0.00854
   0.7120	  0.01567
   0.7130	  0.01477
   0.7140	  0.01993
   0.7150	  0.01678
   0.7160	  0.01913
   0.7170	  0.02642
   0.7180	  0.03077
   0.7190	  0.02317
   0.7200	  0.02137
   0.7210	  0.01459
   0.7220	  0.01369
   0.7230	  0.01765
   0.7240	  0.01987
   0.7250	  0.02062
   0.7260	  0.01894
   0.7270	  0.02070
   0.7280	  0.01871
   0.7290	  0.01692
   0.7300	  0.01418
   0.7310	  0.01513
   0.7320	  0.01326
   0.7330	  0.01761
   0.7340	  0.01114
   0.7350	  0.01115
   0.7360	  0.01238
   0.7370	  0.00856
   0.7380	  0.00626
   0.7390	  0.00946
   0.7400	  0.01137
   0.7410	  0.00890
   0.7420	  0.01119
   0.7430	  0.00975
   0.7440	  0.00778
   0.7450	  0.00745
   0.7460	  0.00890
   0.7470	  0.00713
   0.7480	  0.01261
   0.7490	  0.01090
   0.7500	  0.01404
   0.7510	  0.01353
   0.7520	  0.01806
   0.7530	  0.02227
   0.7540	  0.01779
   0.7550	  0.01319
   0.7560	  0.01039
   0.7570	  0.01277
   0.7580	  0.01170
   0.7590	  0.01366
   0.7600	  0.00834
   0.7610	  0.00917
   0.7620	  0.01406
   0.7630	  0.01009
   0.7640	  0.01098
   0.7650	  0.01123
   0.7660	  0.00823
   0.7670	  0.01054
   0.7680	  0.01002
   0.7690	  0.00964
   0.7700	  0.01035
   0.7710	  0.01089
   0.7720	  0.01235
   0.7730	  0.00902
   0.7740	  0.01112
   0.7750	  0.00860
   0.7760	  0.01762
   0.7770	  0.01403
   0.7780	  0.01162
   0.7790	  0.01533
   0.7800	  0.01583
   0.7810	  0.01946
   0.7820	  0.02002
   0.7830	  0.02562
   0.7840	  0.02357
   0.7850	  0.01921
   0.7860	  0.01351
   0.7870	  0.01776
   0.7880	  0.01447
   0.7890	  0.02170
   0.7900	  0.02274
   0.7910	  0.02320
   0.7920	  0.01838
   0.7930	  0.02615
   0.7940	  0.02565
   0.7950	  0.02854
   0.7960	  0.02338
   0.7970	  0.02598
   0.7980	  0.01617
   0.7990	  0.01963
   0.8000	  0.01847
   0.8010	  0.01720
   0.8020	  0.01449
   0.8030	  0.01416
   0.8040	  0.01362
   0.8050	  0.00690
   0.8060	  0.01023
   0.8070	  0.00787
   0.8080	  0.01140
   0.8090	  0.00761
   0.8100	  0.00771
   0.8110	  0.00823
   0.8120	  0.01191
   0.8130	  0.01090
   0.8140	  0.01377
   0.8150	  0.01229
   0.8160	  0.01477
   0.8170	  0.01079
   0.8180	  0.00769
   0.8190	  0.01125
   0.8200	  0.01952
   0.8210	  0.01331
   0.8220	  0.00762
   0.8230	  0.01007
   0.8240	  0.00955
   0.8250	  0.01431
   0.8260	  0.01260
   0.8270	  0.01573
   0.8280	  0.01706
   0.8290	  0.01704
   0.8300	  0.01268
   0.8310	  0.01030
   0.8320	  0.01450
   0.8330	  0.01013
   0.8340	  0.01226
   0.8350	  0.01208
   0.8360	  0.00534
   0.8370	  0.00967
   0.8380	  0.00735
   0.8390	  0.00168
   0.8400	  0.00348
   0.8410	  0.00132
   0.8420	  0.00215
   0.8430	  0.01002
   0.8440	  0.00411
   0.8450	  0.00433
   0.8460	  0.00339
   0.8470	  0.00921
   0.8480	  0.00316
   0.8490	  0.00442
   0.8500	  0.00590
   0.8510	  0.00798
   0.8520	  0.01094
   0.8530	  0.01029
   0.8540	  0.01003
   0.8550	  0.00406
   0.8560	  0.01197
   0.8570	  0.00500
   0.8580	  0.00799
   0.8590	  0.00874
   0.8600	  0.00583
   0.8610	  0.00980
   0.8620	  0.00659
   0.8630	  0.00134
   0.8640	  0.01695
   0.8650	  0.01300
   0.8660	  0.01043
   0.8670	  0.01153
   0.8680	  0.00683
   0.8690	  0.00467
   0.8700	  0.00418
   0.8710	  0.00503
   0.8720	  0.00295
   0.8730	  0.00135
   0.8740	  0.00805
   0.8750	  0.00880
   0.8760	  0.01201
   0.8770	  0.01097
   0.8780	  0.01166
   0.8790	  0.01095
   0.8800	  0.00240
   0.8810	  0.00910
   0.8820	  0.00235
   0.8830	  0.00787
   0.8840	  0.01276
   0.8850	  0.00863
   0.8860	  0.00973
   0.8870	  0.00836
   0.8880	  0.01051
   0.8890	  0.00817
   0.8900	  0.00646
   0.8910	  0.01028
   0.8920	  0.00860
   0.8930	  0.01063
   0.8940	  0.01033
   0.8950	  0.00125
   0.8960	  0.01491
   0.8970	  0.00503
   0.8980	  0.00907
   0.8990	  0.00619
   0.9000	  0.00480
   0.9010	  0.00659
   0.9020	  0.00737
   0.9030	  0.00818
   0.9040	  0.00621
   0.9050	  0.01384
   0.9060	  0.00302
   0.9070	  0.00271
   0.9080	  0.00248
   0.9090	  0.00879
   0.9100	  0.00308
   0.9110	  0.00596
   0.9120	  0.00769
   0.9130	  0.00986
   0.9140	  0.00836
   0.9150	  0.01145
   0.9160	  0.01248
   0.9170	  0.01431
   0.9180	  0.01126
   0.9190	  0.02531
   0.9200	  0.01735
   0.9210	  0.01351
   0.9220	  0.01675
   0.9230	  0.02040
   0.9240	  0.02134
   0.9250	  0.01864
   0.9260	  0.01531
   0.9270	  0.01167
   0.9280	  0.01516
   0.9290	  0.00496
   0.9300	  0.00822
   0.9310	  0.00856
   0.9320	  0.00720
   0.9330	  0.01405
   0.9340	  0.01563
   0.9350	  0.01118
   0.9360	  0.00938
   0.9370	  0.01058
   0.9380	  0.01131
   0.9390	  0.01741
   0.9400	  0.01244
   0.9410	  0.00665
   0.9420	  0.00697
   0.9430	  0.00682
   0.9440	  0.00599
   0.9450	  0.00622
   0.9460	  0.00614
   0.9470	  0.00715
   0.9480	  0.00846
   0.9490	  0.00989
   0.9500	  0.01221
   0.9510	  0.01197
   0.9520	  0.01190
   0.9530	  0.01038
   0.9540	  0.01349
   0.9550	  0.00621
   0.9560	  0.00804
   0.9570	  0.00685
   0.9580	  0.00570
   0.9590	  0.00353
   0.9600	  0.00425
   0.9610	  0.00460
   0.9620	  0.00879
   0.9630	  0.00399
   0.9640	  0.01177
   0.9650	  0.00674
   0.9660	  0.00330
   0.9670	  0.00519
   0.9680	  0.00900
   0.9690	  0.00395
   0.9700	  0.00293
   0.9710	  0.00270
   0.9720	  0.00162
   0.9730	 -0.00088
   0.9740	  0.00188
   0.9750	 -0.00047
   0.9760	  0.00192
   0.9770	  0.00447
   0.9780	  0.00276
   0.9790	  0.00251
   0.9800	 -0.00052
   0.9810	  0.00879
   0.9820	  0.00066
   0.9830	  0.00067
   0.9840	  0.00819
   0.9850	  0.00892
   0.9860	  0.00606
   0.9870	  0.00534
   0.9880	  0.00295
   0.9890	  0.00088
   0.9900	  0.00337
   0.9910	  0.00557
   0.9920	  0.00807
   0.9930	  0.00832
   0.9940	  0.01071
   0.9950	  0.01174
   0.9960	  0.01256
   0.9970	  0.01396
   0.9980	  0.01882
   0.9990	  0.01303
   1.0000	  0.01667
