## Jackknife output: chrom 13
## Bin(cM)	Covariance
   0.0010	  0.06350
   0.0020	  0.11496
   0.0030	  0.12425
   0.0040	  0.12318
   0.0050	  0.12165
   0.0060	  0.11487
   0.0070	  0.11460
   0.0080	  0.11389
   0.0090	  0.11978
   0.0100	  0.12066
   0.0110	  0.11150
   0.0120	  0.10022
   0.0130	  0.10915
   0.0140	  0.10239
   0.0150	  0.09423
   0.0160	  0.09378
   0.0170	  0.09242
   0.0180	  0.08995
   0.0190	  0.08906
   0.0200	  0.09151
   0.0210	  0.09015
   0.0220	  0.09153
   0.0230	  0.08778
   0.0240	  0.08644
   0.0250	  0.09103
   0.0260	  0.10113
   0.0270	  0.09858
   0.0280	  0.08573
   0.0290	  0.08552
   0.0300	  0.08743
   0.0310	  0.09077
   0.0320	  0.09459
   0.0330	  0.09517
   0.0340	  0.09086
   0.0350	  0.08554
   0.0360	  0.08832
   0.0370	  0.08538
   0.0380	  0.08993
   0.0390	  0.08491
   0.0400	  0.08924
   0.0410	  0.09708
   0.0420	  0.09153
   0.0430	  0.08515
   0.0440	  0.08794
   0.0450	  0.09186
   0.0460	  0.09940
   0.0470	  0.09023
   0.0480	  0.08583
   0.0490	  0.09652
   0.0500	  0.09323
   0.0510	  0.08161
   0.0520	  0.07786
   0.0530	  0.07710
   0.0540	  0.07751
   0.0550	  0.07807
   0.0560	  0.07339
   0.0570	  0.07808
   0.0580	  0.08463
   0.0590	  0.08695
   0.0600	  0.08263
   0.0610	  0.08399
   0.0620	  0.08048
   0.0630	  0.08428
   0.0640	  0.07389
   0.0650	  0.07837
   0.0660	  0.06369
   0.0670	  0.06165
   0.0680	  0.05928
   0.0690	  0.06960
   0.0700	  0.08060
   0.0710	  0.07917
   0.0720	  0.08080
   0.0730	  0.07557
   0.0740	  0.07057
   0.0750	  0.07195
   0.0760	  0.07288
   0.0770	  0.06864
   0.0780	  0.07843
   0.0790	  0.08911
   0.0800	  0.08838
   0.0810	  0.08963
   0.0820	  0.07701
   0.0830	  0.08093
   0.0840	  0.08294
   0.0850	  0.08526
   0.0860	  0.07285
   0.0870	  0.06809
   0.0880	  0.06923
   0.0890	  0.05960
   0.0900	  0.06864
   0.0910	  0.07359
   0.0920	  0.06964
   0.0930	  0.05778
   0.0940	  0.06506
   0.0950	  0.07640
   0.0960	  0.07660
   0.0970	  0.06854
   0.0980	  0.06160
   0.0990	  0.05978
   0.1000	  0.06681
   0.1010	  0.06834
   0.1020	  0.05824
   0.1030	  0.06315
   0.1040	  0.07471
   0.1050	  0.06478
   0.1060	  0.06762
   0.1070	  0.07004
   0.1080	  0.06239
   0.1090	  0.06503
   0.1100	  0.06562
   0.1110	  0.06468
   0.1120	  0.06254
   0.1130	  0.06176
   0.1140	  0.06048
   0.1150	  0.05555
   0.1160	  0.06039
   0.1170	  0.05870
   0.1180	  0.06822
   0.1190	  0.06892
   0.1200	  0.07561
   0.1210	  0.07570
   0.1220	  0.07562
   0.1230	  0.08393
   0.1240	  0.08057
   0.1250	  0.07178
   0.1260	  0.07556
   0.1270	  0.07480
   0.1280	  0.07935
   0.1290	  0.08377
   0.1300	  0.09250
   0.1310	  0.08845
   0.1320	  0.09436
   0.1330	  0.09594
   0.1340	  0.09590
   0.1350	  0.07677
   0.1360	  0.07313
   0.1370	  0.06119
   0.1380	  0.06173
   0.1390	  0.06919
   0.1400	  0.06699
   0.1410	  0.06551
   0.1420	  0.06420
   0.1430	  0.05727
   0.1440	  0.06030
   0.1450	  0.06575
   0.1460	  0.05845
   0.1470	  0.06157
   0.1480	  0.05295
   0.1490	  0.06756
   0.1500	  0.06019
   0.1510	  0.06268
   0.1520	  0.06480
   0.1530	  0.06073
   0.1540	  0.06166
   0.1550	  0.05590
   0.1560	  0.05280
   0.1570	  0.05580
   0.1580	  0.04717
   0.1590	  0.05010
   0.1600	  0.04760
   0.1610	  0.05352
   0.1620	  0.05309
   0.1630	  0.05288
   0.1640	  0.05648
   0.1650	  0.06116
   0.1660	  0.05848
   0.1670	  0.07105
   0.1680	  0.06807
   0.1690	  0.06318
   0.1700	  0.06398
   0.1710	  0.05725
   0.1720	  0.06154
   0.1730	  0.05958
   0.1740	  0.05883
   0.1750	  0.05349
   0.1760	  0.05862
   0.1770	  0.05318
   0.1780	  0.05785
   0.1790	  0.05500
   0.1800	  0.06405
   0.1810	  0.06393
   0.1820	  0.05311
   0.1830	  0.05483
   0.1840	  0.04913
   0.1850	  0.05720
   0.1860	  0.05959
   0.1870	  0.05676
   0.1880	  0.05286
   0.1890	  0.05903
   0.1900	  0.06262
   0.1910	  0.05395
   0.1920	  0.04968
   0.1930	  0.05324
   0.1940	  0.05036
   0.1950	  0.04785
   0.1960	  0.04562
   0.1970	  0.04166
   0.1980	  0.05151
   0.1990	  0.05385
   0.2000	  0.04532
   0.2010	  0.03806
   0.2020	  0.04880
   0.2030	  0.05005
   0.2040	  0.05038
   0.2050	  0.05147
   0.2060	  0.05686
   0.2070	  0.06301
   0.2080	  0.06730
   0.2090	  0.06194
   0.2100	  0.06681
   0.2110	  0.07798
   0.2120	  0.07864
   0.2130	  0.06302
   0.2140	  0.06302
   0.2150	  0.05635
   0.2160	  0.05289
   0.2170	  0.04528
   0.2180	  0.04457
   0.2190	  0.05039
   0.2200	  0.05597
   0.2210	  0.04451
   0.2220	  0.04751
   0.2230	  0.04758
   0.2240	  0.04585
   0.2250	  0.05223
   0.2260	  0.05054
   0.2270	  0.04608
   0.2280	  0.04748
   0.2290	  0.04086
   0.2300	  0.03806
   0.2310	  0.04316
   0.2320	  0.04100
   0.2330	  0.04193
   0.2340	  0.05142
   0.2350	  0.04870
   0.2360	  0.04728
   0.2370	  0.05079
   0.2380	  0.05971
   0.2390	  0.05883
   0.2400	  0.06299
   0.2410	  0.06147
   0.2420	  0.07801
   0.2430	  0.05993
   0.2440	  0.05464
   0.2450	  0.05042
   0.2460	  0.05144
   0.2470	  0.06208
   0.2480	  0.05648
   0.2490	  0.05855
   0.2500	  0.05091
   0.2510	  0.05432
   0.2520	  0.05812
   0.2530	  0.05234
   0.2540	  0.05131
   0.2550	  0.04051
   0.2560	  0.03634
   0.2570	  0.04047
   0.2580	  0.03925
   0.2590	  0.04059
   0.2600	  0.03663
   0.2610	  0.04024
   0.2620	  0.03417
   0.2630	  0.03250
   0.2640	  0.03039
   0.2650	  0.03485
   0.2660	  0.02954
   0.2670	  0.03008
   0.2680	  0.03404
   0.2690	  0.03385
   0.2700	  0.03935
   0.2710	  0.03540
   0.2720	  0.03722
   0.2730	  0.02778
   0.2740	  0.03712
   0.2750	  0.04087
   0.2760	  0.04636
   0.2770	  0.03916
   0.2780	  0.04732
   0.2790	  0.04772
   0.2800	  0.05126
   0.2810	  0.04371
   0.2820	  0.04578
   0.2830	  0.04534
   0.2840	  0.05655
   0.2850	  0.05779
   0.2860	  0.04876
   0.2870	  0.04085
   0.2880	  0.04438
   0.2890	  0.04831
   0.2900	  0.04571
   0.2910	  0.03777
   0.2920	  0.04100
   0.2930	  0.03539
   0.2940	  0.02931
   0.2950	  0.03512
   0.2960	  0.03045
   0.2970	  0.03305
   0.2980	  0.04068
   0.2990	  0.03491
   0.3000	  0.02995
   0.3010	  0.03847
   0.3020	  0.03584
   0.3030	  0.03644
   0.3040	  0.03050
   0.3050	  0.03356
   0.3060	  0.03927
   0.3070	  0.03689
   0.3080	  0.03277
   0.3090	  0.03011
   0.3100	  0.04296
   0.3110	  0.04305
   0.3120	  0.03423
   0.3130	  0.03802
   0.3140	  0.03313
   0.3150	  0.03671
   0.3160	  0.04019
   0.3170	  0.04071
   0.3180	  0.04782
   0.3190	  0.05124
   0.3200	  0.05355
   0.3210	  0.06402
   0.3220	  0.07361
   0.3230	  0.06311
   0.3240	  0.05421
   0.3250	  0.06135
   0.3260	  0.05913
   0.3270	  0.05024
   0.3280	  0.04592
   0.3290	  0.04747
   0.3300	  0.04594
   0.3310	  0.03556
   0.3320	  0.04956
   0.3330	  0.04141
   0.3340	  0.03431
   0.3350	  0.03302
   0.3360	  0.03153
   0.3370	  0.03317
   0.3380	  0.03035
   0.3390	  0.02856
   0.3400	  0.03455
   0.3410	  0.03177
   0.3420	  0.02917
   0.3430	  0.02426
   0.3440	  0.02870
   0.3450	  0.03100
   0.3460	  0.04055
   0.3470	  0.02806
   0.3480	  0.02645
   0.3490	  0.03362
   0.3500	  0.03253
   0.3510	  0.02770
   0.3520	  0.03211
   0.3530	  0.03147
   0.3540	  0.03569
   0.3550	  0.03314
   0.3560	  0.03128
   0.3570	  0.03073
   0.3580	  0.02754
   0.3590	  0.02867
   0.3600	  0.02624
   0.3610	  0.02734
   0.3620	  0.03069
   0.3630	  0.03273
   0.3640	  0.03102
   0.3650	  0.03455
   0.3660	  0.03018
   0.3670	  0.02682
   0.3680	  0.02909
   0.3690	  0.03313
   0.3700	  0.03456
   0.3710	  0.04123
   0.3720	  0.02993
   0.3730	  0.03472
   0.3740	  0.03137
   0.3750	  0.03207
   0.3760	  0.03680
   0.3770	  0.03474
   0.3780	  0.04013
   0.3790	  0.04129
   0.3800	  0.03326
   0.3810	  0.03664
   0.3820	  0.03480
   0.3830	  0.03557
   0.3840	  0.04178
   0.3850	  0.03731
   0.3860	  0.03676
   0.3870	  0.03667
   0.3880	  0.03915
   0.3890	  0.03354
   0.3900	  0.02887
   0.3910	  0.03491
   0.3920	  0.03798
   0.3930	  0.02752
   0.3940	  0.02536
   0.3950	  0.03199
   0.3960	  0.03409
   0.3970	  0.03726
   0.3980	  0.03591
   0.3990	  0.04776
   0.4000	  0.03803
   0.4010	  0.04586
   0.4020	  0.03948
   0.4030	  0.03612
   0.4040	  0.03420
   0.4050	  0.03273
   0.4060	  0.02905
   0.4070	  0.02766
   0.4080	  0.03720
   0.4090	  0.03390
   0.4100	  0.03205
   0.4110	  0.02794
   0.4120	  0.03036
   0.4130	  0.02315
   0.4140	  0.02382
   0.4150	  0.02838
   0.4160	  0.02882
   0.4170	  0.02060
   0.4180	  0.02101
   0.4190	  0.02040
   0.4200	  0.02209
   0.4210	  0.02645
   0.4220	  0.02499
   0.4230	  0.02567
   0.4240	  0.03639
   0.4250	  0.02960
   0.4260	  0.02388
   0.4270	  0.03048
   0.4280	  0.02971
   0.4290	  0.03200
   0.4300	  0.03230
   0.4310	  0.03766
   0.4320	  0.04007
   0.4330	  0.04214
   0.4340	  0.03881
   0.4350	  0.04444
   0.4360	  0.03657
   0.4370	  0.03439
   0.4380	  0.02977
   0.4390	  0.02865
   0.4400	  0.02725
   0.4410	  0.02899
   0.4420	  0.02625
   0.4430	  0.02482
   0.4440	  0.02596
   0.4450	  0.02562
   0.4460	  0.03122
   0.4470	  0.03135
   0.4480	  0.03200
   0.4490	  0.02749
   0.4500	  0.03221
   0.4510	  0.03262
   0.4520	  0.03122
   0.4530	  0.02895
   0.4540	  0.02460
   0.4550	  0.02556
   0.4560	  0.03509
   0.4570	  0.03709
   0.4580	  0.02330
   0.4590	  0.02729
   0.4600	  0.03068
   0.4610	  0.03439
   0.4620	  0.02613
   0.4630	  0.02389
   0.4640	  0.02522
   0.4650	  0.02682
   0.4660	  0.02722
   0.4670	  0.02723
   0.4680	  0.02805
   0.4690	  0.02822
   0.4700	  0.03093
   0.4710	  0.02998
   0.4720	  0.03592
   0.4730	  0.03071
   0.4740	  0.03383
   0.4750	  0.02560
   0.4760	  0.02162
   0.4770	  0.02073
   0.4780	  0.02324
   0.4790	  0.01966
   0.4800	  0.02321
   0.4810	  0.02277
   0.4820	  0.02427
   0.4830	  0.02592
   0.4840	  0.02442
   0.4850	  0.02744
   0.4860	  0.02741
   0.4870	  0.02582
   0.4880	  0.02270
   0.4890	  0.02572
   0.4900	  0.01944
   0.4910	  0.02924
   0.4920	  0.02603
   0.4930	  0.02024
   0.4940	  0.02130
   0.4950	  0.01909
   0.4960	  0.01509
   0.4970	  0.01729
   0.4980	  0.01587
   0.4990	  0.01098
   0.5000	  0.01562
   0.5010	  0.01855
   0.5020	  0.02072
   0.5030	  0.02092
   0.5040	  0.02197
   0.5050	  0.02303
   0.5060	  0.02463
   0.5070	  0.02956
   0.5080	  0.02359
   0.5090	  0.01889
   0.5100	  0.01844
   0.5110	  0.02229
   0.5120	  0.02077
   0.5130	  0.02033
   0.5140	  0.02350
   0.5150	  0.02963
   0.5160	  0.02816
   0.5170	  0.01619
   0.5180	  0.02365
   0.5190	  0.02261
   0.5200	  0.02095
   0.5210	  0.02454
   0.5220	  0.02086
   0.5230	  0.01986
   0.5240	  0.02073
   0.5250	  0.01720
   0.5260	  0.01583
   0.5270	  0.01460
   0.5280	  0.01285
   0.5290	  0.01690
   0.5300	  0.01839
   0.5310	  0.03118
   0.5320	  0.03586
   0.5330	  0.02610
   0.5340	  0.02812
   0.5350	  0.02565
   0.5360	  0.02305
   0.5370	  0.02050
   0.5380	  0.02007
   0.5390	  0.01857
   0.5400	  0.02400
   0.5410	  0.02241
   0.5420	  0.02223
   0.5430	  0.01721
   0.5440	  0.02022
   0.5450	  0.01793
   0.5460	  0.01337
   0.5470	  0.01623
   0.5480	  0.01208
   0.5490	  0.00802
   0.5500	  0.00981
   0.5510	  0.00881
   0.5520	  0.00850
   0.5530	  0.01392
   0.5540	  0.01171
   0.5550	  0.01785
   0.5560	  0.01619
   0.5570	  0.01691
   0.5580	  0.01350
   0.5590	  0.01438
   0.5600	  0.01744
   0.5610	  0.01177
   0.5620	  0.01052
   0.5630	  0.01037
   0.5640	  0.01075
   0.5650	  0.01097
   0.5660	  0.01423
   0.5670	  0.01951
   0.5680	  0.01633
   0.5690	  0.01913
   0.5700	  0.02380
   0.5710	  0.02119
   0.5720	  0.02158
   0.5730	  0.02191
   0.5740	  0.02359
   0.5750	  0.01739
   0.5760	  0.01925
   0.5770	  0.01806
   0.5780	  0.01193
   0.5790	  0.01755
   0.5800	  0.01711
   0.5810	  0.01115
   0.5820	  0.00750
   0.5830	  0.01014
   0.5840	  0.01104
   0.5850	  0.01035
   0.5860	  0.01246
   0.5870	  0.01418
   0.5880	  0.01537
   0.5890	  0.01097
   0.5900	  0.01968
   0.5910	  0.01778
   0.5920	  0.01230
   0.5930	  0.02145
   0.5940	  0.01756
   0.5950	  0.01124
   0.5960	  0.01114
   0.5970	  0.01095
   0.5980	  0.01111
   0.5990	  0.00386
   0.6000	  0.00616
   0.6010	  0.00566
   0.6020	  0.00718
   0.6030	  0.01052
   0.6040	  0.00854
   0.6050	  0.00931
   0.6060	  0.00574
   0.6070	  0.00991
   0.6080	  0.01421
   0.6090	  0.01402
   0.6100	  0.01638
   0.6110	  0.01958
   0.6120	  0.01504
   0.6130	  0.01410
   0.6140	  0.01754
   0.6150	  0.01894
   0.6160	  0.02125
   0.6170	  0.01870
   0.6180	  0.01553
   0.6190	  0.01502
   0.6200	  0.01373
   0.6210	  0.01055
   0.6220	  0.01003
   0.6230	  0.01025
   0.6240	  0.01228
   0.6250	  0.01070
   0.6260	  0.00931
   0.6270	  0.01216
   0.6280	  0.01019
   0.6290	  0.00846
   0.6300	  0.00937
   0.6310	  0.00950
   0.6320	  0.00768
   0.6330	  0.00603
   0.6340	  0.00982
   0.6350	  0.01414
   0.6360	  0.01196
   0.6370	  0.00554
   0.6380	  0.01281
   0.6390	  0.01668
   0.6400	  0.01903
   0.6410	  0.01680
   0.6420	  0.01888
   0.6430	  0.01423
   0.6440	  0.01080
   0.6450	  0.01387
   0.6460	  0.01403
   0.6470	  0.01255
   0.6480	  0.01595
   0.6490	  0.01064
   0.6500	  0.01663
   0.6510	  0.02293
   0.6520	  0.02172
   0.6530	  0.01682
   0.6540	  0.01613
   0.6550	  0.01736
   0.6560	  0.01362
   0.6570	  0.01187
   0.6580	  0.00736
   0.6590	  0.01070
   0.6600	  0.01224
   0.6610	  0.01338
   0.6620	  0.01101
   0.6630	  0.00859
   0.6640	  0.00324
   0.6650	  0.00451
   0.6660	  0.00542
   0.6670	  0.00938
   0.6680	  0.00849
   0.6690	  0.01498
   0.6700	  0.01693
   0.6710	  0.01984
   0.6720	  0.02071
   0.6730	  0.01446
   0.6740	  0.01590
   0.6750	  0.01010
   0.6760	  0.01309
   0.6770	  0.00915
   0.6780	  0.01329
   0.6790	  0.01417
   0.6800	  0.01001
   0.6810	  0.00763
   0.6820	  0.00605
   0.6830	  0.00831
   0.6840	  0.00862
   0.6850	  0.01551
   0.6860	  0.01275
   0.6870	  0.01394
   0.6880	  0.01253
   0.6890	  0.01079
   0.6900	  0.01009
   0.6910	  0.01202
   0.6920	  0.01592
   0.6930	  0.01069
   0.6940	  0.01225
   0.6950	  0.01635
   0.6960	  0.00937
   0.6970	  0.01183
   0.6980	  0.01547
   0.6990	  0.01590
   0.7000	  0.01284
   0.7010	  0.01045
   0.7020	  0.00832
   0.7030	  0.00633
   0.7040	  0.01004
   0.7050	  0.00612
   0.7060	  0.00709
   0.7070	  0.00880
   0.7080	  0.01228
   0.7090	  0.01178
   0.7100	  0.00863
   0.7110	  0.00799
   0.7120	  0.01467
   0.7130	  0.01403
   0.7140	  0.01962
   0.7150	  0.01596
   0.7160	  0.01810
   0.7170	  0.02479
   0.7180	  0.02993
   0.7190	  0.02223
   0.7200	  0.02075
   0.7210	  0.01436
   0.7220	  0.01329
   0.7230	  0.01697
   0.7240	  0.01907
   0.7250	  0.01975
   0.7260	  0.01833
   0.7270	  0.01916
   0.7280	  0.01751
   0.7290	  0.01510
   0.7300	  0.01320
   0.7310	  0.01387
   0.7320	  0.01324
   0.7330	  0.01657
   0.7340	  0.01028
   0.7350	  0.00969
   0.7360	  0.01254
   0.7370	  0.00701
   0.7380	  0.00536
   0.7390	  0.00846
   0.7400	  0.01053
   0.7410	  0.00867
   0.7420	  0.01104
   0.7430	  0.01063
   0.7440	  0.00744
   0.7450	  0.00757
   0.7460	  0.00880
   0.7470	  0.00678
   0.7480	  0.01212
   0.7490	  0.01062
   0.7500	  0.01391
   0.7510	  0.01300
   0.7520	  0.01768
   0.7530	  0.02114
   0.7540	  0.01684
   0.7550	  0.01291
   0.7560	  0.01076
   0.7570	  0.01298
   0.7580	  0.01141
   0.7590	  0.01306
   0.7600	  0.00743
   0.7610	  0.00770
   0.7620	  0.01309
   0.7630	  0.00964
   0.7640	  0.00973
   0.7650	  0.00996
   0.7660	  0.00742
   0.7670	  0.00903
   0.7680	  0.00892
   0.7690	  0.00874
   0.7700	  0.00959
   0.7710	  0.01019
   0.7720	  0.01122
   0.7730	  0.00884
   0.7740	  0.01043
   0.7750	  0.00767
   0.7760	  0.01650
   0.7770	  0.01273
   0.7780	  0.01112
   0.7790	  0.01456
   0.7800	  0.01533
   0.7810	  0.01906
   0.7820	  0.01882
   0.7830	  0.02421
   0.7840	  0.02222
   0.7850	  0.01892
   0.7860	  0.01414
   0.7870	  0.01721
   0.7880	  0.01386
   0.7890	  0.02137
   0.7900	  0.02190
   0.7910	  0.02350
   0.7920	  0.01742
   0.7930	  0.02504
   0.7940	  0.02483
   0.7950	  0.02762
   0.7960	  0.02246
   0.7970	  0.02484
   0.7980	  0.01594
   0.7990	  0.01967
   0.8000	  0.01775
   0.8010	  0.01661
   0.8020	  0.01379
   0.8030	  0.01482
   0.8040	  0.01374
   0.8050	  0.00733
   0.8060	  0.00968
   0.8070	  0.00818
   0.8080	  0.01172
   0.8090	  0.00794
   0.8100	  0.00837
   0.8110	  0.00798
   0.8120	  0.01238
   0.8130	  0.01124
   0.8140	  0.01436
   0.8150	  0.01364
   0.8160	  0.01440
   0.8170	  0.01100
   0.8180	  0.00852
   0.8190	  0.01142
   0.8200	  0.01887
   0.8210	  0.01338
   0.8220	  0.00853
   0.8230	  0.01097
   0.8240	  0.01015
   0.8250	  0.01546
   0.8260	  0.01302
   0.8270	  0.01718
   0.8280	  0.01718
   0.8290	  0.01733
   0.8300	  0.01386
   0.8310	  0.01085
   0.8320	  0.01323
   0.8330	  0.00884
   0.8340	  0.01253
   0.8350	  0.01157
   0.8360	  0.00490
   0.8370	  0.01091
   0.8380	  0.00768
   0.8390	  0.00436
   0.8400	  0.00382
   0.8410	  0.00172
   0.8420	  0.00364
   0.8430	  0.01124
   0.8440	  0.00534
   0.8450	  0.00566
   0.8460	  0.00465
   0.8470	  0.01076
   0.8480	  0.00542
   0.8490	  0.00567
   0.8500	  0.00676
   0.8510	  0.00943
   0.8520	  0.01144
   0.8530	  0.01003
   0.8540	  0.01011
   0.8550	  0.00510
   0.8560	  0.01159
   0.8570	  0.00488
   0.8580	  0.00753
   0.8590	  0.00888
   0.8600	  0.00593
   0.8610	  0.00987
   0.8620	  0.00675
   0.8630	  0.00233
   0.8640	  0.01656
   0.8650	  0.01195
   0.8660	  0.01069
   0.8670	  0.01042
   0.8680	  0.00653
   0.8690	  0.00422
   0.8700	  0.00586
   0.8710	  0.00591
   0.8720	  0.00455
   0.8730	  0.00245
   0.8740	  0.00902
   0.8750	  0.00953
   0.8760	  0.01329
   0.8770	  0.01178
   0.8780	  0.01180
   0.8790	  0.01072
   0.8800	  0.00206
   0.8810	  0.00917
   0.8820	  0.00226
   0.8830	  0.00601
   0.8840	  0.01098
   0.8850	  0.00791
   0.8860	  0.00843
   0.8870	  0.00776
   0.8880	  0.00907
   0.8890	  0.00718
   0.8900	  0.00608
   0.8910	  0.00930
   0.8920	  0.00827
   0.8930	  0.01035
   0.8940	  0.01024
   0.8950	  0.00221
   0.8960	  0.01485
   0.8970	  0.00593
   0.8980	  0.00945
   0.8990	  0.00554
   0.9000	  0.00503
   0.9010	  0.00700
   0.9020	  0.00797
   0.9030	  0.00879
   0.9040	  0.00743
   0.9050	  0.01483
   0.9060	  0.00453
   0.9070	  0.00491
   0.9080	  0.00414
   0.9090	  0.01018
   0.9100	  0.00411
   0.9110	  0.00751
   0.9120	  0.00862
   0.9130	  0.01020
   0.9140	  0.00897
   0.9150	  0.01187
   0.9160	  0.01212
   0.9170	  0.01427
   0.9180	  0.01074
   0.9190	  0.02449
   0.9200	  0.01727
   0.9210	  0.01365
   0.9220	  0.01652
   0.9230	  0.01969
   0.9240	  0.02062
   0.9250	  0.01855
   0.9260	  0.01495
   0.9270	  0.01149
   0.9280	  0.01497
   0.9290	  0.00515
   0.9300	  0.00773
   0.9310	  0.00837
   0.9320	  0.00713
   0.9330	  0.01325
   0.9340	  0.01543
   0.9350	  0.01077
   0.9360	  0.00865
   0.9370	  0.00963
   0.9380	  0.01092
   0.9390	  0.01504
   0.9400	  0.01145
   0.9410	  0.00678
   0.9420	  0.00652
   0.9430	  0.00690
   0.9440	  0.00593
   0.9450	  0.00607
   0.9460	  0.00588
   0.9470	  0.00687
   0.9480	  0.00823
   0.9490	  0.00936
   0.9500	  0.01177
   0.9510	  0.01127
   0.9520	  0.01167
   0.9530	  0.01025
   0.9540	  0.01284
   0.9550	  0.00625
   0.9560	  0.00829
   0.9570	  0.00770
   0.9580	  0.00673
   0.9590	  0.00438
   0.9600	  0.00503
   0.9610	  0.00514
   0.9620	  0.00940
   0.9630	  0.00474
   0.9640	  0.01321
   0.9650	  0.00738
   0.9660	  0.00457
   0.9670	  0.00589
   0.9680	  0.00926
   0.9690	  0.00383
   0.9700	  0.00303
   0.9710	  0.00285
   0.9720	  0.00186
   0.9730	 -0.00118
   0.9740	  0.00171
   0.9750	 -0.00035
   0.9760	  0.00175
   0.9770	  0.00372
   0.9780	  0.00284
   0.9790	  0.00245
   0.9800	 -0.00040
   0.9810	  0.00883
   0.9820	  0.00051
   0.9830	  0.00134
   0.9840	  0.00769
   0.9850	  0.00900
   0.9860	  0.00602
   0.9870	  0.00578
   0.9880	  0.00354
   0.9890	  0.00230
   0.9900	  0.00399
   0.9910	  0.00607
   0.9920	  0.00824
   0.9930	  0.00879
   0.9940	  0.01117
   0.9950	  0.01194
   0.9960	  0.01296
   0.9970	  0.01412
   0.9980	  0.01896
   0.9990	  0.01299
   1.0000	  0.01654
