## Jackknife output: chrom 20
## Bin(cM)	Covariance
   0.0010	  0.06363
   0.0020	  0.11402
   0.0030	  0.12303
   0.0040	  0.12317
   0.0050	  0.12126
   0.0060	  0.11207
   0.0070	  0.11189
   0.0080	  0.11008
   0.0090	  0.11718
   0.0100	  0.11700
   0.0110	  0.10943
   0.0120	  0.09729
   0.0130	  0.10878
   0.0140	  0.09950
   0.0150	  0.09289
   0.0160	  0.09325
   0.0170	  0.09071
   0.0180	  0.09003
   0.0190	  0.08965
   0.0200	  0.09002
   0.0210	  0.08863
   0.0220	  0.09316
   0.0230	  0.08700
   0.0240	  0.09799
   0.0250	  0.09337
   0.0260	  0.10708
   0.0270	  0.10028
   0.0280	  0.09081
   0.0290	  0.09223
   0.0300	  0.08880
   0.0310	  0.09079
   0.0320	  0.09350
   0.0330	  0.09295
   0.0340	  0.08904
   0.0350	  0.08463
   0.0360	  0.08874
   0.0370	  0.08496
   0.0380	  0.08816
   0.0390	  0.08481
   0.0400	  0.08946
   0.0410	  0.09755
   0.0420	  0.09015
   0.0430	  0.08525
   0.0440	  0.08603
   0.0450	  0.08904
   0.0460	  0.09903
   0.0470	  0.09181
   0.0480	  0.08257
   0.0490	  0.10035
   0.0500	  0.09341
   0.0510	  0.08051
   0.0520	  0.08405
   0.0530	  0.07736
   0.0540	  0.07884
   0.0550	  0.07852
   0.0560	  0.07380
   0.0570	  0.07809
   0.0580	  0.08286
   0.0590	  0.08437
   0.0600	  0.08438
   0.0610	  0.08369
   0.0620	  0.07953
   0.0630	  0.08222
   0.0640	  0.07730
   0.0650	  0.07944
   0.0660	  0.06419
   0.0670	  0.06260
   0.0680	  0.06003
   0.0690	  0.07175
   0.0700	  0.08044
   0.0710	  0.08038
   0.0720	  0.08154
   0.0730	  0.07745
   0.0740	  0.07202
   0.0750	  0.07509
   0.0760	  0.07351
   0.0770	  0.06876
   0.0780	  0.08075
   0.0790	  0.09001
   0.0800	  0.08752
   0.0810	  0.08687
   0.0820	  0.07594
   0.0830	  0.07962
   0.0840	  0.08066
   0.0850	  0.08284
   0.0860	  0.07198
   0.0870	  0.06720
   0.0880	  0.06888
   0.0890	  0.06106
   0.0900	  0.07079
   0.0910	  0.07738
   0.0920	  0.07019
   0.0930	  0.05985
   0.0940	  0.06937
   0.0950	  0.07879
   0.0960	  0.07961
   0.0970	  0.06781
   0.0980	  0.06116
   0.0990	  0.05905
   0.1000	  0.06529
   0.1010	  0.06960
   0.1020	  0.06171
   0.1030	  0.06349
   0.1040	  0.07346
   0.1050	  0.06486
   0.1060	  0.06824
   0.1070	  0.07059
   0.1080	  0.06315
   0.1090	  0.06370
   0.1100	  0.06322
   0.1110	  0.06267
   0.1120	  0.06167
   0.1130	  0.06130
   0.1140	  0.06239
   0.1150	  0.05542
   0.1160	  0.06145
   0.1170	  0.05842
   0.1180	  0.06929
   0.1190	  0.07051
   0.1200	  0.07530
   0.1210	  0.07466
   0.1220	  0.07030
   0.1230	  0.08121
   0.1240	  0.07842
   0.1250	  0.07081
   0.1260	  0.07435
   0.1270	  0.07601
   0.1280	  0.08002
   0.1290	  0.08156
   0.1300	  0.09180
   0.1310	  0.08691
   0.1320	  0.09342
   0.1330	  0.09413
   0.1340	  0.09323
   0.1350	  0.07304
   0.1360	  0.07104
   0.1370	  0.05894
   0.1380	  0.06008
   0.1390	  0.06721
   0.1400	  0.06452
   0.1410	  0.06416
   0.1420	  0.06455
   0.1430	  0.05617
   0.1440	  0.05967
   0.1450	  0.06701
   0.1460	  0.05882
   0.1470	  0.06106
   0.1480	  0.05235
   0.1490	  0.06614
   0.1500	  0.06034
   0.1510	  0.05987
   0.1520	  0.06399
   0.1530	  0.05970
   0.1540	  0.06078
   0.1550	  0.05599
   0.1560	  0.05238
   0.1570	  0.05421
   0.1580	  0.04598
   0.1590	  0.04884
   0.1600	  0.04828
   0.1610	  0.05185
   0.1620	  0.05270
   0.1630	  0.05256
   0.1640	  0.05610
   0.1650	  0.06040
   0.1660	  0.05590
   0.1670	  0.06859
   0.1680	  0.06599
   0.1690	  0.06240
   0.1700	  0.06163
   0.1710	  0.05590
   0.1720	  0.06051
   0.1730	  0.05771
   0.1740	  0.05837
   0.1750	  0.05328
   0.1760	  0.05791
   0.1770	  0.05150
   0.1780	  0.05545
   0.1790	  0.05422
   0.1800	  0.06265
   0.1810	  0.06225
   0.1820	  0.05078
   0.1830	  0.05304
   0.1840	  0.04670
   0.1850	  0.05533
   0.1860	  0.05759
   0.1870	  0.05494
   0.1880	  0.05244
   0.1890	  0.05885
   0.1900	  0.06027
   0.1910	  0.05030
   0.1920	  0.04604
   0.1930	  0.05189
   0.1940	  0.04687
   0.1950	  0.04613
   0.1960	  0.04138
   0.1970	  0.03845
   0.1980	  0.04917
   0.1990	  0.05114
   0.2000	  0.04143
   0.2010	  0.03687
   0.2020	  0.04541
   0.2030	  0.04722
   0.2040	  0.04683
   0.2050	  0.04914
   0.2060	  0.05556
   0.2070	  0.05981
   0.2080	  0.06529
   0.2090	  0.05850
   0.2100	  0.06508
   0.2110	  0.07689
   0.2120	  0.07654
   0.2130	  0.05973
   0.2140	  0.05987
   0.2150	  0.05395
   0.2160	  0.05082
   0.2170	  0.04159
   0.2180	  0.04211
   0.2190	  0.04576
   0.2200	  0.05201
   0.2210	  0.03955
   0.2220	  0.04102
   0.2230	  0.04368
   0.2240	  0.04135
   0.2250	  0.04318
   0.2260	  0.04380
   0.2270	  0.04093
   0.2280	  0.04243
   0.2290	  0.03530
   0.2300	  0.03469
   0.2310	  0.03879
   0.2320	  0.03765
   0.2330	  0.03980
   0.2340	  0.04884
   0.2350	  0.04699
   0.2360	  0.04399
   0.2370	  0.04884
   0.2380	  0.05686
   0.2390	  0.05688
   0.2400	  0.05987
   0.2410	  0.05959
   0.2420	  0.07529
   0.2430	  0.05646
   0.2440	  0.05210
   0.2450	  0.04803
   0.2460	  0.04995
   0.2470	  0.06090
   0.2480	  0.05505
   0.2490	  0.05717
   0.2500	  0.05010
   0.2510	  0.05234
   0.2520	  0.05671
   0.2530	  0.05124
   0.2540	  0.05023
   0.2550	  0.03961
   0.2560	  0.03555
   0.2570	  0.04099
   0.2580	  0.03978
   0.2590	  0.04024
   0.2600	  0.03636
   0.2610	  0.03951
   0.2620	  0.03286
   0.2630	  0.03121
   0.2640	  0.03034
   0.2650	  0.03267
   0.2660	  0.02794
   0.2670	  0.02905
   0.2680	  0.03345
   0.2690	  0.03258
   0.2700	  0.03595
   0.2710	  0.03368
   0.2720	  0.03508
   0.2730	  0.02590
   0.2740	  0.03529
   0.2750	  0.03889
   0.2760	  0.04387
   0.2770	  0.03684
   0.2780	  0.04614
   0.2790	  0.04648
   0.2800	  0.04939
   0.2810	  0.04256
   0.2820	  0.04369
   0.2830	  0.04433
   0.2840	  0.05588
   0.2850	  0.05601
   0.2860	  0.04791
   0.2870	  0.03896
   0.2880	  0.04341
   0.2890	  0.04636
   0.2900	  0.04376
   0.2910	  0.03629
   0.2920	  0.03942
   0.2930	  0.03331
   0.2940	  0.02792
   0.2950	  0.03430
   0.2960	  0.02948
   0.2970	  0.03186
   0.2980	  0.03950
   0.2990	  0.03303
   0.3000	  0.02875
   0.3010	  0.03751
   0.3020	  0.03395
   0.3030	  0.03507
   0.3040	  0.02936
   0.3050	  0.03242
   0.3060	  0.03870
   0.3070	  0.03460
   0.3080	  0.03087
   0.3090	  0.02881
   0.3100	  0.03997
   0.3110	  0.04205
   0.3120	  0.03310
   0.3130	  0.03635
   0.3140	  0.03066
   0.3150	  0.03458
   0.3160	  0.03833
   0.3170	  0.03911
   0.3180	  0.04519
   0.3190	  0.04932
   0.3200	  0.05135
   0.3210	  0.06205
   0.3220	  0.07171
   0.3230	  0.06122
   0.3240	  0.05279
   0.3250	  0.05947
   0.3260	  0.05782
   0.3270	  0.04898
   0.3280	  0.04448
   0.3290	  0.04633
   0.3300	  0.04445
   0.3310	  0.03456
   0.3320	  0.04778
   0.3330	  0.03984
   0.3340	  0.03347
   0.3350	  0.03139
   0.3360	  0.03058
   0.3370	  0.03166
   0.3380	  0.02970
   0.3390	  0.02752
   0.3400	  0.03329
   0.3410	  0.03010
   0.3420	  0.02835
   0.3430	  0.02322
   0.3440	  0.02790
   0.3450	  0.02978
   0.3460	  0.03871
   0.3470	  0.02609
   0.3480	  0.02524
   0.3490	  0.03229
   0.3500	  0.03074
   0.3510	  0.02691
   0.3520	  0.03015
   0.3530	  0.03043
   0.3540	  0.03498
   0.3550	  0.03206
   0.3560	  0.03010
   0.3570	  0.02995
   0.3580	  0.02657
   0.3590	  0.02779
   0.3600	  0.02481
   0.3610	  0.02594
   0.3620	  0.02940
   0.3630	  0.03132
   0.3640	  0.02988
   0.3650	  0.03325
   0.3660	  0.02978
   0.3670	  0.02595
   0.3680	  0.02770
   0.3690	  0.03192
   0.3700	  0.03414
   0.3710	  0.04007
   0.3720	  0.02934
   0.3730	  0.03356
   0.3740	  0.03062
   0.3750	  0.03081
   0.3760	  0.03542
   0.3770	  0.03300
   0.3780	  0.03722
   0.3790	  0.03909
   0.3800	  0.03186
   0.3810	  0.03503
   0.3820	  0.03329
   0.3830	  0.03412
   0.3840	  0.04061
   0.3850	  0.03542
   0.3860	  0.03565
   0.3870	  0.03573
   0.3880	  0.03800
   0.3890	  0.03241
   0.3900	  0.02800
   0.3910	  0.03409
   0.3920	  0.03637
   0.3930	  0.02589
   0.3940	  0.02376
   0.3950	  0.03049
   0.3960	  0.03190
   0.3970	  0.03509
   0.3980	  0.03419
   0.3990	  0.04532
   0.4000	  0.03583
   0.4010	  0.04406
   0.4020	  0.03787
   0.4030	  0.03420
   0.4040	  0.03229
   0.4050	  0.03086
   0.4060	  0.02745
   0.4070	  0.02631
   0.4080	  0.03460
   0.4090	  0.03009
   0.4100	  0.02997
   0.4110	  0.02464
   0.4120	  0.02541
   0.4130	  0.02139
   0.4140	  0.02051
   0.4150	  0.02611
   0.4160	  0.02669
   0.4170	  0.01996
   0.4180	  0.02014
   0.4190	  0.01959
   0.4200	  0.02035
   0.4210	  0.02394
   0.4220	  0.02231
   0.4230	  0.02372
   0.4240	  0.03385
   0.4250	  0.02787
   0.4260	  0.02149
   0.4270	  0.02858
   0.4280	  0.02735
   0.4290	  0.03017
   0.4300	  0.02920
   0.4310	  0.03577
   0.4320	  0.03723
   0.4330	  0.03946
   0.4340	  0.03601
   0.4350	  0.04257
   0.4360	  0.03578
   0.4370	  0.03362
   0.4380	  0.02866
   0.4390	  0.02731
   0.4400	  0.02616
   0.4410	  0.02800
   0.4420	  0.02553
   0.4430	  0.02405
   0.4440	  0.02474
   0.4450	  0.02341
   0.4460	  0.02982
   0.4470	  0.03044
   0.4480	  0.03125
   0.4490	  0.02661
   0.4500	  0.03165
   0.4510	  0.03096
   0.4520	  0.03043
   0.4530	  0.02774
   0.4540	  0.02339
   0.4550	  0.02426
   0.4560	  0.03211
   0.4570	  0.03434
   0.4580	  0.02161
   0.4590	  0.02423
   0.4600	  0.02859
   0.4610	  0.03249
   0.4620	  0.02315
   0.4630	  0.02112
   0.4640	  0.02278
   0.4650	  0.02536
   0.4660	  0.02541
   0.4670	  0.02443
   0.4680	  0.02496
   0.4690	  0.02445
   0.4700	  0.02944
   0.4710	  0.02835
   0.4720	  0.03221
   0.4730	  0.02907
   0.4740	  0.03251
   0.4750	  0.02473
   0.4760	  0.02144
   0.4770	  0.01974
   0.4780	  0.02219
   0.4790	  0.01942
   0.4800	  0.02278
   0.4810	  0.02196
   0.4820	  0.02337
   0.4830	  0.02445
   0.4840	  0.02342
   0.4850	  0.02691
   0.4860	  0.02695
   0.4870	  0.02441
   0.4880	  0.02183
   0.4890	  0.02342
   0.4900	  0.01797
   0.4910	  0.02567
   0.4920	  0.02354
   0.4930	  0.01823
   0.4940	  0.01958
   0.4950	  0.01744
   0.4960	  0.01403
   0.4970	  0.01490
   0.4980	  0.01473
   0.4990	  0.01045
   0.5000	  0.01453
   0.5010	  0.01794
   0.5020	  0.01932
   0.5030	  0.02083
   0.5040	  0.02190
   0.5050	  0.02220
   0.5060	  0.02349
   0.5070	  0.02862
   0.5080	  0.02241
   0.5090	  0.01788
   0.5100	  0.01645
   0.5110	  0.02088
   0.5120	  0.01990
   0.5130	  0.02004
   0.5140	  0.02262
   0.5150	  0.02805
   0.5160	  0.02742
   0.5170	  0.01579
   0.5180	  0.02300
   0.5190	  0.02263
   0.5200	  0.02041
   0.5210	  0.02424
   0.5220	  0.02065
   0.5230	  0.01965
   0.5240	  0.02060
   0.5250	  0.01657
   0.5260	  0.01578
   0.5270	  0.01444
   0.5280	  0.01276
   0.5290	  0.01654
   0.5300	  0.01840
   0.5310	  0.03014
   0.5320	  0.03352
   0.5330	  0.02512
   0.5340	  0.02676
   0.5350	  0.02462
   0.5360	  0.02059
   0.5370	  0.01907
   0.5380	  0.01840
   0.5390	  0.01680
   0.5400	  0.02090
   0.5410	  0.02088
   0.5420	  0.02130
   0.5430	  0.01611
   0.5440	  0.01914
   0.5450	  0.01607
   0.5460	  0.01261
   0.5470	  0.01543
   0.5480	  0.01174
   0.5490	  0.00676
   0.5500	  0.00923
   0.5510	  0.00729
   0.5520	  0.00766
   0.5530	  0.01338
   0.5540	  0.01107
   0.5550	  0.01698
   0.5560	  0.01478
   0.5570	  0.01574
   0.5580	  0.01281
   0.5590	  0.01241
   0.5600	  0.01597
   0.5610	  0.01090
   0.5620	  0.00942
   0.5630	  0.00975
   0.5640	  0.01024
   0.5650	  0.01062
   0.5660	  0.01326
   0.5670	  0.01843
   0.5680	  0.01566
   0.5690	  0.01647
   0.5700	  0.02178
   0.5710	  0.01999
   0.5720	  0.02011
   0.5730	  0.02017
   0.5740	  0.02265
   0.5750	  0.01635
   0.5760	  0.01845
   0.5770	  0.01688
   0.5780	  0.01184
   0.5790	  0.01603
   0.5800	  0.01589
   0.5810	  0.01055
   0.5820	  0.00542
   0.5830	  0.00765
   0.5840	  0.00930
   0.5850	  0.00954
   0.5860	  0.01103
   0.5870	  0.01250
   0.5880	  0.01296
   0.5890	  0.01003
   0.5900	  0.01912
   0.5910	  0.01749
   0.5920	  0.01243
   0.5930	  0.02158
   0.5940	  0.01728
   0.5950	  0.01041
   0.5960	  0.01086
   0.5970	  0.01084
   0.5980	  0.01087
   0.5990	  0.00391
   0.6000	  0.00561
   0.6010	  0.00449
   0.6020	  0.00684
   0.6030	  0.01047
   0.6040	  0.00793
   0.6050	  0.00915
   0.6060	  0.00533
   0.6070	  0.00814
   0.6080	  0.01405
   0.6090	  0.01331
   0.6100	  0.01602
   0.6110	  0.01932
   0.6120	  0.01488
   0.6130	  0.01398
   0.6140	  0.01687
   0.6150	  0.01874
   0.6160	  0.02104
   0.6170	  0.01790
   0.6180	  0.01454
   0.6190	  0.01480
   0.6200	  0.01318
   0.6210	  0.01023
   0.6220	  0.00943
   0.6230	  0.00896
   0.6240	  0.01140
   0.6250	  0.01127
   0.6260	  0.00874
   0.6270	  0.01150
   0.6280	  0.00874
   0.6290	  0.00821
   0.6300	  0.00982
   0.6310	  0.00928
   0.6320	  0.00790
   0.6330	  0.00433
   0.6340	  0.00960
   0.6350	  0.01330
   0.6360	  0.01034
   0.6370	  0.00537
   0.6380	  0.01275
   0.6390	  0.01668
   0.6400	  0.01886
   0.6410	  0.01600
   0.6420	  0.01844
   0.6430	  0.01426
   0.6440	  0.01068
   0.6450	  0.01392
   0.6460	  0.01417
   0.6470	  0.01191
   0.6480	  0.01561
   0.6490	  0.01080
   0.6500	  0.01529
   0.6510	  0.02234
   0.6520	  0.02084
   0.6530	  0.01551
   0.6540	  0.01531
   0.6550	  0.01772
   0.6560	  0.01378
   0.6570	  0.01177
   0.6580	  0.00747
   0.6590	  0.01038
   0.6600	  0.01142
   0.6610	  0.01289
   0.6620	  0.01055
   0.6630	  0.00843
   0.6640	  0.00358
   0.6650	  0.00477
   0.6660	  0.00537
   0.6670	  0.00962
   0.6680	  0.00841
   0.6690	  0.01380
   0.6700	  0.01666
   0.6710	  0.01881
   0.6720	  0.01974
   0.6730	  0.01416
   0.6740	  0.01498
   0.6750	  0.00938
   0.6760	  0.01138
   0.6770	  0.00818
   0.6780	  0.01304
   0.6790	  0.01475
   0.6800	  0.00902
   0.6810	  0.00788
   0.6820	  0.00517
   0.6830	  0.00859
   0.6840	  0.00854
   0.6850	  0.01328
   0.6860	  0.01144
   0.6870	  0.01194
   0.6880	  0.01195
   0.6890	  0.00981
   0.6900	  0.00833
   0.6910	  0.01072
   0.6920	  0.01350
   0.6930	  0.00954
   0.6940	  0.01209
   0.6950	  0.01473
   0.6960	  0.00858
   0.6970	  0.01047
   0.6980	  0.01446
   0.6990	  0.01468
   0.7000	  0.01169
   0.7010	  0.01003
   0.7020	  0.00801
   0.7030	  0.00614
   0.7040	  0.00897
   0.7050	  0.00580
   0.7060	  0.00689
   0.7070	  0.00825
   0.7080	  0.01079
   0.7090	  0.00917
   0.7100	  0.00827
   0.7110	  0.00721
   0.7120	  0.01268
   0.7130	  0.01155
   0.7140	  0.01751
   0.7150	  0.01469
   0.7160	  0.01770
   0.7170	  0.02160
   0.7180	  0.02762
   0.7190	  0.02000
   0.7200	  0.01780
   0.7210	  0.01430
   0.7220	  0.01273
   0.7230	  0.01515
   0.7240	  0.01889
   0.7250	  0.01754
   0.7260	  0.01686
   0.7270	  0.01811
   0.7280	  0.01728
   0.7290	  0.01565
   0.7300	  0.01330
   0.7310	  0.01414
   0.7320	  0.01289
   0.7330	  0.01619
   0.7340	  0.00992
   0.7350	  0.01035
   0.7360	  0.01208
   0.7370	  0.00738
   0.7380	  0.00580
   0.7390	  0.00871
   0.7400	  0.00948
   0.7410	  0.00858
   0.7420	  0.01080
   0.7430	  0.01034
   0.7440	  0.00733
   0.7450	  0.00731
   0.7460	  0.00872
   0.7470	  0.00681
   0.7480	  0.01235
   0.7490	  0.01064
   0.7500	  0.01414
   0.7510	  0.01315
   0.7520	  0.01726
   0.7530	  0.02095
   0.7540	  0.01666
   0.7550	  0.01290
   0.7560	  0.01098
   0.7570	  0.01271
   0.7580	  0.01082
   0.7590	  0.01382
   0.7600	  0.00820
   0.7610	  0.00896
   0.7620	  0.01276
   0.7630	  0.01001
   0.7640	  0.01018
   0.7650	  0.01009
   0.7660	  0.00661
   0.7670	  0.00874
   0.7680	  0.00780
   0.7690	  0.00871
   0.7700	  0.00984
   0.7710	  0.00976
   0.7720	  0.01130
   0.7730	  0.00906
   0.7740	  0.01036
   0.7750	  0.00712
   0.7760	  0.01564
   0.7770	  0.01253
   0.7780	  0.01117
   0.7790	  0.01410
   0.7800	  0.01420
   0.7810	  0.01809
   0.7820	  0.01877
   0.7830	  0.02388
   0.7840	  0.02195
   0.7850	  0.01825
   0.7860	  0.01354
   0.7870	  0.01469
   0.7880	  0.01318
   0.7890	  0.02047
   0.7900	  0.02105
   0.7910	  0.02289
   0.7920	  0.01686
   0.7930	  0.02440
   0.7940	  0.02338
   0.7950	  0.02726
   0.7960	  0.02115
   0.7970	  0.02292
   0.7980	  0.01531
   0.7990	  0.01954
   0.8000	  0.01779
   0.8010	  0.01490
   0.8020	  0.01392
   0.8030	  0.01384
   0.8040	  0.01181
   0.8050	  0.00746
   0.8060	  0.00988
   0.8070	  0.00890
   0.8080	  0.01229
   0.8090	  0.00828
   0.8100	  0.00845
   0.8110	  0.00805
   0.8120	  0.01211
   0.8130	  0.01168
   0.8140	  0.01433
   0.8150	  0.01354
   0.8160	  0.01443
   0.8170	  0.01106
   0.8180	  0.00793
   0.8190	  0.01100
   0.8200	  0.01825
   0.8210	  0.01401
   0.8220	  0.00740
   0.8230	  0.01076
   0.8240	  0.01009
   0.8250	  0.01450
   0.8260	  0.01076
   0.8270	  0.01517
   0.8280	  0.01622
   0.8290	  0.01741
   0.8300	  0.01234
   0.8310	  0.00901
   0.8320	  0.01397
   0.8330	  0.00985
   0.8340	  0.01285
   0.8350	  0.01271
   0.8360	  0.00555
   0.8370	  0.01120
   0.8380	  0.00712
   0.8390	  0.00457
   0.8400	  0.00412
   0.8410	  0.00254
   0.8420	  0.00387
   0.8430	  0.00975
   0.8440	  0.00413
   0.8450	  0.00521
   0.8460	  0.00405
   0.8470	  0.00880
   0.8480	  0.00385
   0.8490	  0.00442
   0.8500	  0.00622
   0.8510	  0.00910
   0.8520	  0.01086
   0.8530	  0.01056
   0.8540	  0.00902
   0.8550	  0.00542
   0.8560	  0.01162
   0.8570	  0.00529
   0.8580	  0.00825
   0.8590	  0.00858
   0.8600	  0.00619
   0.8610	  0.00930
   0.8620	  0.00719
   0.8630	  0.00236
   0.8640	  0.01643
   0.8650	  0.01296
   0.8660	  0.01104
   0.8670	  0.01172
   0.8680	  0.00711
   0.8690	  0.00447
   0.8700	  0.00515
   0.8710	  0.00500
   0.8720	  0.00383
   0.8730	  0.00200
   0.8740	  0.00796
   0.8750	  0.00858
   0.8760	  0.00968
   0.8770	  0.01011
   0.8780	  0.01113
   0.8790	  0.00951
   0.8800	  0.00220
   0.8810	  0.00836
   0.8820	  0.00166
   0.8830	  0.00669
   0.8840	  0.00972
   0.8850	  0.00809
   0.8860	  0.00938
   0.8870	  0.00814
   0.8880	  0.00972
   0.8890	  0.00666
   0.8900	  0.00624
   0.8910	  0.00988
   0.8920	  0.00818
   0.8930	  0.01047
   0.8940	  0.00985
   0.8950	  0.00293
   0.8960	  0.01424
   0.8970	  0.00595
   0.8980	  0.00969
   0.8990	  0.00614
   0.9000	  0.00448
   0.9010	  0.00700
   0.9020	  0.00721
   0.9030	  0.00622
   0.9040	  0.00687
   0.9050	  0.01385
   0.9060	  0.00445
   0.9070	  0.00496
   0.9080	  0.00443
   0.9090	  0.00785
   0.9100	  0.00329
   0.9110	  0.00702
   0.9120	  0.00810
   0.9130	  0.01017
   0.9140	  0.00900
   0.9150	  0.01148
   0.9160	  0.01103
   0.9170	  0.01399
   0.9180	  0.01093
   0.9190	  0.02375
   0.9200	  0.01734
   0.9210	  0.01268
   0.9220	  0.01449
   0.9230	  0.02018
   0.9240	  0.02069
   0.9250	  0.01816
   0.9260	  0.01435
   0.9270	  0.01067
   0.9280	  0.01482
   0.9290	  0.00528
   0.9300	  0.00811
   0.9310	  0.00901
   0.9320	  0.00742
   0.9330	  0.01409
   0.9340	  0.01571
   0.9350	  0.01143
   0.9360	  0.01011
   0.9370	  0.01078
   0.9380	  0.01056
   0.9390	  0.01713
   0.9400	  0.01202
   0.9410	  0.00708
   0.9420	  0.00726
   0.9430	  0.00713
   0.9440	  0.00639
   0.9450	  0.00627
   0.9460	  0.00641
   0.9470	  0.00669
   0.9480	  0.00839
   0.9490	  0.00959
   0.9500	  0.01173
   0.9510	  0.01136
   0.9520	  0.01056
   0.9530	  0.00953
   0.9540	  0.01234
   0.9550	  0.00631
   0.9560	  0.00814
   0.9570	  0.00769
   0.9580	  0.00694
   0.9590	  0.00439
   0.9600	  0.00496
   0.9610	  0.00507
   0.9620	  0.00945
   0.9630	  0.00477
   0.9640	  0.01263
   0.9650	  0.00646
   0.9660	  0.00425
   0.9670	  0.00557
   0.9680	  0.00888
   0.9690	  0.00284
   0.9700	  0.00325
   0.9710	  0.00166
   0.9720	  0.00178
   0.9730	 -0.00105
   0.9740	  0.00167
   0.9750	 -0.00027
   0.9760	  0.00212
   0.9770	  0.00378
   0.9780	  0.00299
   0.9790	  0.00300
   0.9800	 -0.00098
   0.9810	  0.00927
   0.9820	  0.00061
   0.9830	  0.00171
   0.9840	  0.00713
   0.9850	  0.00925
   0.9860	  0.00606
   0.9870	  0.00459
   0.9880	  0.00366
   0.9890	  0.00226
   0.9900	  0.00456
   0.9910	  0.00630
   0.9920	  0.00822
   0.9930	  0.00896
   0.9940	  0.00989
   0.9950	  0.01235
   0.9960	  0.01328
   0.9970	  0.01425
   0.9980	  0.01834
   0.9990	  0.01285
   1.0000	  0.01575
