## Jackknife output: chrom 21
## Bin(cM)	Covariance
   0.0010	  0.06361
   0.0020	  0.11430
   0.0030	  0.12327
   0.0040	  0.12397
   0.0050	  0.12253
   0.0060	  0.11324
   0.0070	  0.11170
   0.0080	  0.11084
   0.0090	  0.11738
   0.0100	  0.11784
   0.0110	  0.10867
   0.0120	  0.09761
   0.0130	  0.10885
   0.0140	  0.10031
   0.0150	  0.09347
   0.0160	  0.09371
   0.0170	  0.09220
   0.0180	  0.09045
   0.0190	  0.08947
   0.0200	  0.09030
   0.0210	  0.08917
   0.0220	  0.09279
   0.0230	  0.08760
   0.0240	  0.09814
   0.0250	  0.09367
   0.0260	  0.10795
   0.0270	  0.10091
   0.0280	  0.09127
   0.0290	  0.09232
   0.0300	  0.08873
   0.0310	  0.09095
   0.0320	  0.09332
   0.0330	  0.09393
   0.0340	  0.08948
   0.0350	  0.08510
   0.0360	  0.08924
   0.0370	  0.08561
   0.0380	  0.08885
   0.0390	  0.08482
   0.0400	  0.08935
   0.0410	  0.09754
   0.0420	  0.08975
   0.0430	  0.08592
   0.0440	  0.08639
   0.0450	  0.08961
   0.0460	  0.09859
   0.0470	  0.09055
   0.0480	  0.08411
   0.0490	  0.10068
   0.0500	  0.09163
   0.0510	  0.08085
   0.0520	  0.08446
   0.0530	  0.07819
   0.0540	  0.07834
   0.0550	  0.07787
   0.0560	  0.07451
   0.0570	  0.07863
   0.0580	  0.08273
   0.0590	  0.08411
   0.0600	  0.08532
   0.0610	  0.08379
   0.0620	  0.08003
   0.0630	  0.08407
   0.0640	  0.07551
   0.0650	  0.07250
   0.0660	  0.06139
   0.0670	  0.06211
   0.0680	  0.06010
   0.0690	  0.07151
   0.0700	  0.07968
   0.0710	  0.08029
   0.0720	  0.08181
   0.0730	  0.07741
   0.0740	  0.07180
   0.0750	  0.07371
   0.0760	  0.07394
   0.0770	  0.06828
   0.0780	  0.08108
   0.0790	  0.09189
   0.0800	  0.08660
   0.0810	  0.08772
   0.0820	  0.07638
   0.0830	  0.07986
   0.0840	  0.08059
   0.0850	  0.08030
   0.0860	  0.07136
   0.0870	  0.06494
   0.0880	  0.06724
   0.0890	  0.06233
   0.0900	  0.07197
   0.0910	  0.07619
   0.0920	  0.06998
   0.0930	  0.06016
   0.0940	  0.06941
   0.0950	  0.07815
   0.0960	  0.07875
   0.0970	  0.06763
   0.0980	  0.06099
   0.0990	  0.05908
   0.1000	  0.06610
   0.1010	  0.06905
   0.1020	  0.06159
   0.1030	  0.06311
   0.1040	  0.07676
   0.1050	  0.06598
   0.1060	  0.06822
   0.1070	  0.07000
   0.1080	  0.06264
   0.1090	  0.06445
   0.1100	  0.06450
   0.1110	  0.06503
   0.1120	  0.06295
   0.1130	  0.06177
   0.1140	  0.06177
   0.1150	  0.05411
   0.1160	  0.06284
   0.1170	  0.06097
   0.1180	  0.06996
   0.1190	  0.07189
   0.1200	  0.07677
   0.1210	  0.07648
   0.1220	  0.07413
   0.1230	  0.08247
   0.1240	  0.07932
   0.1250	  0.07089
   0.1260	  0.07464
   0.1270	  0.07561
   0.1280	  0.07942
   0.1290	  0.08234
   0.1300	  0.08976
   0.1310	  0.08413
   0.1320	  0.09180
   0.1330	  0.09423
   0.1340	  0.08981
   0.1350	  0.07435
   0.1360	  0.07234
   0.1370	  0.06002
   0.1380	  0.06072
   0.1390	  0.06848
   0.1400	  0.06607
   0.1410	  0.06352
   0.1420	  0.06090
   0.1430	  0.05698
   0.1440	  0.06023
   0.1450	  0.06566
   0.1460	  0.05810
   0.1470	  0.06103
   0.1480	  0.05079
   0.1490	  0.06514
   0.1500	  0.05818
   0.1510	  0.06044
   0.1520	  0.06236
   0.1530	  0.05920
   0.1540	  0.06131
   0.1550	  0.05050
   0.1560	  0.05013
   0.1570	  0.05503
   0.1580	  0.04686
   0.1590	  0.04983
   0.1600	  0.04708
   0.1610	  0.05232
   0.1620	  0.05158
   0.1630	  0.05173
   0.1640	  0.05598
   0.1650	  0.05975
   0.1660	  0.05723
   0.1670	  0.07026
   0.1680	  0.06697
   0.1690	  0.06266
   0.1700	  0.06239
   0.1710	  0.05589
   0.1720	  0.05922
   0.1730	  0.05851
   0.1740	  0.05765
   0.1750	  0.05250
   0.1760	  0.05758
   0.1770	  0.05196
   0.1780	  0.05624
   0.1790	  0.05373
   0.1800	  0.06245
   0.1810	  0.06300
   0.1820	  0.05174
   0.1830	  0.05404
   0.1840	  0.04827
   0.1850	  0.05657
   0.1860	  0.05862
   0.1870	  0.05626
   0.1880	  0.05261
   0.1890	  0.05811
   0.1900	  0.06191
   0.1910	  0.05318
   0.1920	  0.04901
   0.1930	  0.05314
   0.1940	  0.05016
   0.1950	  0.04568
   0.1960	  0.04445
   0.1970	  0.04064
   0.1980	  0.05093
   0.1990	  0.04947
   0.2000	  0.04447
   0.2010	  0.03747
   0.2020	  0.04779
   0.2030	  0.04932
   0.2040	  0.04942
   0.2050	  0.04926
   0.2060	  0.05310
   0.2070	  0.06064
   0.2080	  0.06539
   0.2090	  0.05957
   0.2100	  0.06494
   0.2110	  0.07578
   0.2120	  0.07630
   0.2130	  0.06186
   0.2140	  0.06100
   0.2150	  0.05534
   0.2160	  0.05188
   0.2170	  0.04482
   0.2180	  0.04338
   0.2190	  0.04896
   0.2200	  0.05413
   0.2210	  0.04340
   0.2220	  0.04568
   0.2230	  0.04640
   0.2240	  0.04455
   0.2250	  0.05036
   0.2260	  0.04817
   0.2270	  0.04415
   0.2280	  0.04559
   0.2290	  0.03884
   0.2300	  0.03627
   0.2310	  0.04117
   0.2320	  0.03961
   0.2330	  0.04067
   0.2340	  0.04946
   0.2350	  0.04753
   0.2360	  0.04612
   0.2370	  0.04965
   0.2380	  0.05818
   0.2390	  0.05691
   0.2400	  0.06007
   0.2410	  0.05971
   0.2420	  0.07470
   0.2430	  0.05738
   0.2440	  0.05293
   0.2450	  0.04906
   0.2460	  0.05046
   0.2470	  0.06058
   0.2480	  0.05541
   0.2490	  0.05581
   0.2500	  0.04929
   0.2510	  0.05304
   0.2520	  0.05574
   0.2530	  0.05104
   0.2540	  0.04999
   0.2550	  0.03948
   0.2560	  0.03490
   0.2570	  0.04090
   0.2580	  0.03949
   0.2590	  0.04018
   0.2600	  0.03673
   0.2610	  0.03899
   0.2620	  0.03264
   0.2630	  0.03118
   0.2640	  0.02988
   0.2650	  0.03314
   0.2660	  0.02843
   0.2670	  0.02902
   0.2680	  0.03340
   0.2690	  0.03183
   0.2700	  0.03677
   0.2710	  0.03364
   0.2720	  0.03537
   0.2730	  0.02644
   0.2740	  0.03501
   0.2750	  0.03909
   0.2760	  0.04462
   0.2770	  0.03828
   0.2780	  0.04628
   0.2790	  0.04676
   0.2800	  0.04919
   0.2810	  0.04229
   0.2820	  0.04433
   0.2830	  0.04427
   0.2840	  0.05528
   0.2850	  0.05558
   0.2860	  0.04758
   0.2870	  0.03911
   0.2880	  0.04349
   0.2890	  0.04491
   0.2900	  0.04410
   0.2910	  0.03601
   0.2920	  0.03852
   0.2930	  0.03369
   0.2940	  0.02760
   0.2950	  0.03359
   0.2960	  0.02918
   0.2970	  0.03184
   0.2980	  0.03930
   0.2990	  0.03418
   0.3000	  0.02896
   0.3010	  0.03687
   0.3020	  0.03326
   0.3030	  0.03461
   0.3040	  0.02991
   0.3050	  0.03244
   0.3060	  0.03823
   0.3070	  0.03615
   0.3080	  0.03178
   0.3090	  0.02932
   0.3100	  0.04145
   0.3110	  0.04234
   0.3120	  0.03336
   0.3130	  0.03682
   0.3140	  0.03210
   0.3150	  0.03568
   0.3160	  0.03826
   0.3170	  0.03953
   0.3180	  0.04595
   0.3190	  0.04968
   0.3200	  0.05208
   0.3210	  0.06188
   0.3220	  0.07137
   0.3230	  0.06146
   0.3240	  0.05286
   0.3250	  0.05968
   0.3260	  0.05748
   0.3270	  0.04887
   0.3280	  0.04466
   0.3290	  0.04591
   0.3300	  0.04398
   0.3310	  0.03451
   0.3320	  0.04787
   0.3330	  0.04003
   0.3340	  0.03262
   0.3350	  0.03188
   0.3360	  0.02996
   0.3370	  0.03201
   0.3380	  0.02969
   0.3390	  0.02715
   0.3400	  0.03064
   0.3410	  0.03006
   0.3420	  0.02806
   0.3430	  0.02355
   0.3440	  0.02744
   0.3450	  0.02978
   0.3460	  0.03791
   0.3470	  0.02704
   0.3480	  0.02496
   0.3490	  0.03278
   0.3500	  0.03166
   0.3510	  0.02505
   0.3520	  0.02819
   0.3530	  0.03026
   0.3540	  0.03463
   0.3550	  0.03245
   0.3560	  0.03094
   0.3570	  0.03066
   0.3580	  0.02733
   0.3590	  0.02803
   0.3600	  0.02526
   0.3610	  0.02600
   0.3620	  0.02956
   0.3630	  0.03180
   0.3640	  0.03024
   0.3650	  0.03277
   0.3660	  0.02989
   0.3670	  0.02618
   0.3680	  0.02852
   0.3690	  0.03234
   0.3700	  0.03337
   0.3710	  0.04010
   0.3720	  0.02946
   0.3730	  0.03421
   0.3740	  0.03044
   0.3750	  0.03130
   0.3760	  0.03591
   0.3770	  0.03393
   0.3780	  0.03923
   0.3790	  0.04029
   0.3800	  0.03244
   0.3810	  0.03586
   0.3820	  0.03344
   0.3830	  0.03491
   0.3840	  0.04084
   0.3850	  0.03593
   0.3860	  0.03599
   0.3870	  0.03603
   0.3880	  0.03818
   0.3890	  0.03285
   0.3900	  0.02814
   0.3910	  0.03390
   0.3920	  0.03484
   0.3930	  0.02408
   0.3940	  0.02395
   0.3950	  0.03014
   0.3960	  0.03140
   0.3970	  0.03482
   0.3980	  0.03418
   0.3990	  0.04656
   0.4000	  0.03677
   0.4010	  0.04482
   0.4020	  0.03841
   0.4030	  0.03445
   0.4040	  0.02638
   0.4050	  0.02913
   0.4060	  0.02779
   0.4070	  0.02665
   0.4080	  0.03460
   0.4090	  0.03182
   0.4100	  0.02980
   0.4110	  0.02470
   0.4120	  0.02915
   0.4130	  0.02243
   0.4140	  0.02260
   0.4150	  0.02589
   0.4160	  0.02327
   0.4170	  0.01952
   0.4180	  0.01995
   0.4190	  0.01984
   0.4200	  0.02038
   0.4210	  0.02448
   0.4220	  0.02435
   0.4230	  0.02493
   0.4240	  0.03491
   0.4250	  0.02778
   0.4260	  0.02426
   0.4270	  0.03002
   0.4280	  0.02906
   0.4290	  0.03106
   0.4300	  0.03202
   0.4310	  0.03690
   0.4320	  0.03797
   0.4330	  0.04081
   0.4340	  0.03764
   0.4350	  0.04186
   0.4360	  0.03436
   0.4370	  0.03322
   0.4380	  0.02903
   0.4390	  0.02802
   0.4400	  0.02649
   0.4410	  0.02803
   0.4420	  0.02214
   0.4430	  0.02251
   0.4440	  0.02399
   0.4450	  0.02471
   0.4460	  0.02904
   0.4470	  0.02985
   0.4480	  0.03123
   0.4490	  0.02574
   0.4500	  0.03029
   0.4510	  0.02991
   0.4520	  0.02928
   0.4530	  0.02815
   0.4540	  0.02324
   0.4550	  0.02427
   0.4560	  0.03340
   0.4570	  0.03176
   0.4580	  0.01885
   0.4590	  0.02451
   0.4600	  0.02682
   0.4610	  0.03174
   0.4620	  0.02437
   0.4630	  0.02161
   0.4640	  0.02339
   0.4650	  0.02550
   0.4660	  0.02628
   0.4670	  0.02513
   0.4680	  0.02618
   0.4690	  0.02580
   0.4700	  0.03046
   0.4710	  0.02945
   0.4720	  0.03389
   0.4730	  0.02942
   0.4740	  0.03304
   0.4750	  0.02546
   0.4760	  0.02153
   0.4770	  0.02016
   0.4780	  0.02227
   0.4790	  0.01889
   0.4800	  0.02308
   0.4810	  0.02207
   0.4820	  0.02318
   0.4830	  0.02516
   0.4840	  0.02368
   0.4850	  0.02483
   0.4860	  0.02550
   0.4870	  0.02412
   0.4880	  0.02169
   0.4890	  0.02169
   0.4900	  0.01678
   0.4910	  0.02634
   0.4920	  0.02339
   0.4930	  0.01929
   0.4940	  0.02082
   0.4950	  0.01650
   0.4960	  0.01281
   0.4970	  0.01583
   0.4980	  0.01493
   0.4990	  0.00921
   0.5000	  0.01281
   0.5010	  0.01722
   0.5020	  0.01867
   0.5030	  0.01983
   0.5040	  0.02083
   0.5050	  0.02254
   0.5060	  0.02223
   0.5070	  0.02065
   0.5080	  0.01809
   0.5090	  0.01768
   0.5100	  0.01814
   0.5110	  0.02106
   0.5120	  0.02036
   0.5130	  0.02032
   0.5140	  0.02218
   0.5150	  0.02798
   0.5160	  0.02495
   0.5170	  0.01516
   0.5180	  0.02349
   0.5190	  0.02238
   0.5200	  0.01985
   0.5210	  0.02402
   0.5220	  0.01922
   0.5230	  0.01865
   0.5240	  0.02039
   0.5250	  0.01692
   0.5260	  0.01556
   0.5270	  0.01402
   0.5280	  0.01266
   0.5290	  0.01667
   0.5300	  0.01828
   0.5310	  0.03020
   0.5320	  0.03439
   0.5330	  0.02530
   0.5340	  0.02666
   0.5350	  0.02465
   0.5360	  0.02161
   0.5370	  0.01980
   0.5380	  0.01801
   0.5390	  0.01712
   0.5400	  0.02324
   0.5410	  0.02150
   0.5420	  0.01934
   0.5430	  0.01600
   0.5440	  0.01805
   0.5450	  0.01574
   0.5460	  0.01235
   0.5470	  0.01494
   0.5480	  0.01155
   0.5490	  0.00720
   0.5500	  0.00901
   0.5510	  0.00865
   0.5520	  0.00855
   0.5530	  0.01420
   0.5540	  0.01214
   0.5550	  0.01843
   0.5560	  0.01594
   0.5570	  0.01624
   0.5580	  0.01319
   0.5590	  0.01436
   0.5600	  0.01820
   0.5610	  0.01228
   0.5620	  0.01045
   0.5630	  0.01079
   0.5640	  0.01026
   0.5650	  0.01067
   0.5660	  0.01403
   0.5670	  0.01910
   0.5680	  0.01641
   0.5690	  0.01833
   0.5700	  0.02299
   0.5710	  0.02088
   0.5720	  0.02048
   0.5730	  0.02145
   0.5740	  0.02374
   0.5750	  0.01764
   0.5760	  0.01948
   0.5770	  0.01805
   0.5780	  0.01243
   0.5790	  0.01757
   0.5800	  0.01726
   0.5810	  0.01108
   0.5820	  0.00737
   0.5830	  0.00983
   0.5840	  0.01065
   0.5850	  0.00977
   0.5860	  0.01167
   0.5870	  0.01243
   0.5880	  0.01335
   0.5890	  0.01050
   0.5900	  0.01885
   0.5910	  0.01356
   0.5920	  0.01090
   0.5930	  0.01871
   0.5940	  0.01431
   0.5950	  0.01070
   0.5960	  0.01037
   0.5970	  0.01082
   0.5980	  0.01099
   0.5990	  0.00423
   0.6000	  0.00557
   0.6010	  0.00528
   0.6020	  0.00626
   0.6030	  0.00994
   0.6040	  0.00697
   0.6050	  0.00917
   0.6060	  0.00575
   0.6070	  0.00964
   0.6080	  0.01376
   0.6090	  0.01395
   0.6100	  0.01604
   0.6110	  0.01926
   0.6120	  0.01469
   0.6130	  0.01303
   0.6140	  0.01705
   0.6150	  0.01798
   0.6160	  0.02072
   0.6170	  0.01856
   0.6180	  0.01561
   0.6190	  0.01398
   0.6200	  0.01338
   0.6210	  0.01093
   0.6220	  0.01029
   0.6230	  0.00922
   0.6240	  0.01281
   0.6250	  0.01195
   0.6260	  0.01001
   0.6270	  0.01297
   0.6280	  0.01059
   0.6290	  0.00840
   0.6300	  0.00965
   0.6310	  0.00939
   0.6320	  0.00750
   0.6330	  0.00558
   0.6340	  0.00928
   0.6350	  0.01391
   0.6360	  0.01069
   0.6370	  0.00486
   0.6380	  0.01112
   0.6390	  0.01619
   0.6400	  0.01734
   0.6410	  0.01580
   0.6420	  0.01790
   0.6430	  0.01410
   0.6440	  0.01077
   0.6450	  0.01392
   0.6460	  0.01366
   0.6470	  0.01251
   0.6480	  0.01641
   0.6490	  0.01139
   0.6500	  0.01577
   0.6510	  0.02249
   0.6520	  0.02151
   0.6530	  0.01673
   0.6540	  0.01599
   0.6550	  0.01734
   0.6560	  0.01349
   0.6570	  0.01132
   0.6580	  0.00679
   0.6590	  0.01030
   0.6600	  0.01199
   0.6610	  0.01253
   0.6620	  0.01038
   0.6630	  0.00808
   0.6640	  0.00338
   0.6650	  0.00521
   0.6660	  0.00579
   0.6670	  0.00942
   0.6680	  0.00735
   0.6690	  0.01172
   0.6700	  0.01626
   0.6710	  0.01930
   0.6720	  0.01980
   0.6730	  0.01397
   0.6740	  0.01489
   0.6750	  0.00956
   0.6760	  0.01234
   0.6770	  0.00906
   0.6780	  0.01363
   0.6790	  0.01477
   0.6800	  0.01009
   0.6810	  0.00910
   0.6820	  0.00595
   0.6830	  0.00934
   0.6840	  0.00851
   0.6850	  0.01553
   0.6860	  0.01281
   0.6870	  0.01407
   0.6880	  0.01272
   0.6890	  0.01091
   0.6900	  0.00996
   0.6910	  0.01165
   0.6920	  0.01565
   0.6930	  0.01045
   0.6940	  0.01199
   0.6950	  0.01603
   0.6960	  0.00906
   0.6970	  0.01143
   0.6980	  0.01499
   0.6990	  0.01531
   0.7000	  0.01235
   0.7010	  0.01053
   0.7020	  0.00853
   0.7030	  0.00679
   0.7040	  0.01009
   0.7050	  0.00645
   0.7060	  0.00749
   0.7070	  0.00869
   0.7080	  0.01243
   0.7090	  0.01188
   0.7100	  0.00875
   0.7110	  0.00836
   0.7120	  0.01482
   0.7130	  0.01392
   0.7140	  0.01971
   0.7150	  0.01623
   0.7160	  0.01827
   0.7170	  0.02421
   0.7180	  0.02974
   0.7190	  0.02212
   0.7200	  0.02044
   0.7210	  0.01416
   0.7220	  0.01340
   0.7230	  0.01660
   0.7240	  0.01878
   0.7250	  0.01961
   0.7260	  0.01808
   0.7270	  0.01871
   0.7280	  0.01727
   0.7290	  0.01551
   0.7300	  0.01350
   0.7310	  0.01418
   0.7320	  0.01296
   0.7330	  0.01636
   0.7340	  0.01037
   0.7350	  0.01019
   0.7360	  0.01235
   0.7370	  0.00734
   0.7380	  0.00583
   0.7390	  0.00870
   0.7400	  0.01051
   0.7410	  0.00845
   0.7420	  0.01067
   0.7430	  0.01029
   0.7440	  0.00739
   0.7450	  0.00739
   0.7460	  0.00870
   0.7470	  0.00676
   0.7480	  0.01221
   0.7490	  0.01067
   0.7500	  0.01393
   0.7510	  0.01319
   0.7520	  0.01751
   0.7530	  0.02026
   0.7540	  0.01612
   0.7550	  0.01160
   0.7560	  0.01019
   0.7570	  0.01255
   0.7580	  0.01126
   0.7590	  0.01332
   0.7600	  0.00859
   0.7610	  0.00904
   0.7620	  0.01348
   0.7630	  0.00981
   0.7640	  0.01001
   0.7650	  0.01043
   0.7660	  0.00744
   0.7670	  0.00918
   0.7680	  0.00855
   0.7690	  0.00893
   0.7700	  0.00964
   0.7710	  0.01018
   0.7720	  0.01114
   0.7730	  0.00882
   0.7740	  0.01022
   0.7750	  0.00797
   0.7760	  0.01591
   0.7770	  0.01277
   0.7780	  0.01080
   0.7790	  0.01425
   0.7800	  0.01497
   0.7810	  0.01858
   0.7820	  0.01868
   0.7830	  0.02379
   0.7840	  0.02197
   0.7850	  0.01879
   0.7860	  0.01343
   0.7870	  0.01678
   0.7880	  0.01393
   0.7890	  0.02100
   0.7900	  0.02242
   0.7910	  0.02295
   0.7920	  0.01720
   0.7930	  0.02452
   0.7940	  0.02476
   0.7950	  0.02756
   0.7960	  0.02206
   0.7970	  0.02456
   0.7980	  0.01594
   0.7990	  0.01898
   0.8000	  0.01708
   0.8010	  0.01609
   0.8020	  0.01404
   0.8030	  0.01342
   0.8040	  0.01338
   0.8050	  0.00760
   0.8060	  0.00930
   0.8070	  0.00822
   0.8080	  0.01218
   0.8090	  0.00822
   0.8100	  0.00841
   0.8110	  0.00875
   0.8120	  0.01272
   0.8130	  0.01164
   0.8140	  0.01446
   0.8150	  0.01362
   0.8160	  0.01455
   0.8170	  0.01122
   0.8180	  0.00838
   0.8190	  0.01138
   0.8200	  0.01847
   0.8210	  0.01332
   0.8220	  0.00846
   0.8230	  0.01055
   0.8240	  0.00987
   0.8250	  0.01543
   0.8260	  0.01249
   0.8270	  0.01665
   0.8280	  0.01669
   0.8290	  0.01735
   0.8300	  0.01360
   0.8310	  0.01041
   0.8320	  0.01360
   0.8330	  0.00969
   0.8340	  0.01266
   0.8350	  0.01224
   0.8360	  0.00562
   0.8370	  0.01064
   0.8380	  0.00774
   0.8390	  0.00435
   0.8400	  0.00393
   0.8410	  0.00222
   0.8420	  0.00381
   0.8430	  0.01094
   0.8440	  0.00510
   0.8450	  0.00516
   0.8460	  0.00432
   0.8470	  0.01008
   0.8480	  0.00450
   0.8490	  0.00502
   0.8500	  0.00663
   0.8510	  0.00960
   0.8520	  0.01151
   0.8530	  0.01050
   0.8540	  0.01054
   0.8550	  0.00566
   0.8560	  0.01201
   0.8570	  0.00524
   0.8580	  0.00801
   0.8590	  0.00879
   0.8600	  0.00604
   0.8610	  0.00976
   0.8620	  0.00677
   0.8630	  0.00203
   0.8640	  0.01651
   0.8650	  0.01248
   0.8660	  0.01096
   0.8670	  0.01146
   0.8680	  0.00706
   0.8690	  0.00509
   0.8700	  0.00594
   0.8710	  0.00607
   0.8720	  0.00452
   0.8730	  0.00269
   0.8740	  0.00884
   0.8750	  0.00905
   0.8760	  0.01210
   0.8770	  0.01066
   0.8780	  0.01099
   0.8790	  0.01002
   0.8800	  0.00271
   0.8810	  0.00937
   0.8820	  0.00277
   0.8830	  0.00731
   0.8840	  0.01144
   0.8850	  0.00811
   0.8860	  0.00913
   0.8870	  0.00807
   0.8880	  0.00967
   0.8890	  0.00779
   0.8900	  0.00590
   0.8910	  0.00947
   0.8920	  0.00813
   0.8930	  0.01018
   0.8940	  0.01021
   0.8950	  0.00281
   0.8960	  0.01512
   0.8970	  0.00625
   0.8980	  0.01021
   0.8990	  0.00622
   0.9000	  0.00462
   0.9010	  0.00704
   0.9020	  0.00725
   0.9030	  0.00868
   0.9040	  0.00707
   0.9050	  0.01416
   0.9060	  0.00453
   0.9070	  0.00513
   0.9080	  0.00431
   0.9090	  0.01047
   0.9100	  0.00443
   0.9110	  0.00759
   0.9120	  0.00815
   0.9130	  0.01031
   0.9140	  0.00924
   0.9150	  0.01175
   0.9160	  0.01223
   0.9170	  0.01421
   0.9180	  0.01105
   0.9190	  0.02411
   0.9200	  0.01734
   0.9210	  0.01353
   0.9220	  0.01668
   0.9230	  0.02041
   0.9240	  0.02096
   0.9250	  0.01809
   0.9260	  0.01460
   0.9270	  0.01102
   0.9280	  0.01468
   0.9290	  0.00549
   0.9300	  0.00789
   0.9310	  0.00878
   0.9320	  0.00761
   0.9330	  0.01377
   0.9340	  0.01545
   0.9350	  0.01106
   0.9360	  0.00992
   0.9370	  0.01074
   0.9380	  0.01187
   0.9390	  0.01763
   0.9400	  0.01215
   0.9410	  0.00680
   0.9420	  0.00750
   0.9430	  0.00744
   0.9440	  0.00640
   0.9450	  0.00494
   0.9460	  0.00588
   0.9470	  0.00719
   0.9480	  0.00834
   0.9490	  0.00960
   0.9500	  0.01163
   0.9510	  0.01061
   0.9520	  0.01165
   0.9530	  0.00975
   0.9540	  0.01290
   0.9550	  0.00636
   0.9560	  0.00824
   0.9570	  0.00613
   0.9580	  0.00707
   0.9590	  0.00573
   0.9600	  0.00595
   0.9610	  0.00604
   0.9620	  0.00947
   0.9630	  0.00413
   0.9640	  0.01317
   0.9650	  0.00775
   0.9660	  0.00493
   0.9670	  0.00634
   0.9680	  0.00942
   0.9690	  0.00429
   0.9700	  0.00394
   0.9710	  0.00344
   0.9720	  0.00225
   0.9730	 -0.00080
   0.9740	  0.00191
   0.9750	  0.00008
   0.9760	  0.00203
   0.9770	  0.00396
   0.9780	  0.00333
   0.9790	  0.00298
   0.9800	  0.00030
   0.9810	  0.00908
   0.9820	  0.00080
   0.9830	  0.00169
   0.9840	  0.00801
   0.9850	  0.00946
   0.9860	  0.00611
   0.9870	  0.00586
   0.9880	  0.00386
   0.9890	  0.00239
   0.9900	  0.00438
   0.9910	  0.00621
   0.9920	  0.00843
   0.9930	  0.00890
   0.9940	  0.01124
   0.9950	  0.01227
   0.9960	  0.01324
   0.9970	  0.01423
   0.9980	  0.01868
   0.9990	  0.01319
   1.0000	  0.01621
