## Jackknife output: chrom 17
## Bin(cM)	Covariance
   0.0010	  0.06454
   0.0020	  0.11523
   0.0030	  0.12389
   0.0040	  0.12458
   0.0050	  0.12326
   0.0060	  0.11413
   0.0070	  0.11344
   0.0080	  0.11249
   0.0090	  0.11859
   0.0100	  0.11899
   0.0110	  0.11107
   0.0120	  0.09953
   0.0130	  0.11024
   0.0140	  0.10144
   0.0150	  0.09382
   0.0160	  0.09432
   0.0170	  0.09279
   0.0180	  0.09137
   0.0190	  0.09023
   0.0200	  0.09110
   0.0210	  0.08986
   0.0220	  0.09405
   0.0230	  0.08830
   0.0240	  0.09882
   0.0250	  0.09463
   0.0260	  0.10854
   0.0270	  0.10176
   0.0280	  0.09124
   0.0290	  0.09264
   0.0300	  0.08898
   0.0310	  0.09143
   0.0320	  0.09403
   0.0330	  0.09425
   0.0340	  0.08990
   0.0350	  0.08540
   0.0360	  0.08973
   0.0370	  0.08591
   0.0380	  0.08910
   0.0390	  0.08514
   0.0400	  0.08980
   0.0410	  0.09779
   0.0420	  0.09078
   0.0430	  0.08638
   0.0440	  0.08729
   0.0450	  0.09074
   0.0460	  0.09932
   0.0470	  0.09279
   0.0480	  0.08567
   0.0490	  0.10120
   0.0500	  0.09420
   0.0510	  0.08232
   0.0520	  0.08515
   0.0530	  0.07941
   0.0540	  0.08023
   0.0550	  0.07893
   0.0560	  0.07524
   0.0570	  0.07973
   0.0580	  0.08448
   0.0590	  0.08582
   0.0600	  0.08554
   0.0610	  0.08402
   0.0620	  0.08019
   0.0630	  0.08413
   0.0640	  0.07737
   0.0650	  0.07961
   0.0660	  0.06434
   0.0670	  0.06325
   0.0680	  0.06070
   0.0690	  0.07186
   0.0700	  0.08018
   0.0710	  0.08025
   0.0720	  0.08268
   0.0730	  0.07792
   0.0740	  0.07262
   0.0750	  0.07566
   0.0760	  0.07523
   0.0770	  0.06950
   0.0780	  0.08192
   0.0790	  0.09251
   0.0800	  0.08741
   0.0810	  0.08877
   0.0820	  0.07690
   0.0830	  0.08065
   0.0840	  0.08196
   0.0850	  0.08538
   0.0860	  0.07390
   0.0870	  0.06914
   0.0880	  0.07030
   0.0890	  0.06271
   0.0900	  0.07328
   0.0910	  0.08022
   0.0920	  0.07200
   0.0930	  0.06216
   0.0940	  0.07065
   0.0950	  0.07969
   0.0960	  0.08062
   0.0970	  0.06895
   0.0980	  0.06208
   0.0990	  0.05991
   0.1000	  0.06710
   0.1010	  0.06967
   0.1020	  0.06185
   0.1030	  0.06548
   0.1040	  0.07792
   0.1050	  0.06610
   0.1060	  0.06898
   0.1070	  0.07230
   0.1080	  0.06402
   0.1090	  0.06527
   0.1100	  0.06577
   0.1110	  0.06532
   0.1120	  0.06392
   0.1130	  0.06280
   0.1140	  0.06276
   0.1150	  0.05595
   0.1160	  0.06321
   0.1170	  0.06137
   0.1180	  0.07114
   0.1190	  0.07260
   0.1200	  0.07706
   0.1210	  0.07704
   0.1220	  0.07448
   0.1230	  0.08275
   0.1240	  0.07956
   0.1250	  0.07119
   0.1260	  0.07494
   0.1270	  0.07600
   0.1280	  0.07984
   0.1290	  0.08262
   0.1300	  0.09270
   0.1310	  0.08719
   0.1320	  0.09350
   0.1330	  0.09541
   0.1340	  0.09485
   0.1350	  0.07624
   0.1360	  0.07297
   0.1370	  0.06052
   0.1380	  0.06219
   0.1390	  0.06929
   0.1400	  0.06656
   0.1410	  0.06559
   0.1420	  0.06613
   0.1430	  0.05814
   0.1440	  0.06155
   0.1450	  0.06703
   0.1460	  0.05890
   0.1470	  0.06150
   0.1480	  0.05248
   0.1490	  0.06686
   0.1500	  0.06014
   0.1510	  0.06171
   0.1520	  0.06413
   0.1530	  0.06052
   0.1540	  0.06199
   0.1550	  0.05598
   0.1560	  0.05325
   0.1570	  0.05579
   0.1580	  0.04697
   0.1590	  0.04987
   0.1600	  0.04784
   0.1610	  0.05280
   0.1620	  0.05265
   0.1630	  0.05283
   0.1640	  0.05605
   0.1650	  0.06007
   0.1660	  0.05726
   0.1670	  0.07026
   0.1680	  0.06696
   0.1690	  0.06281
   0.1700	  0.06262
   0.1710	  0.05612
   0.1720	  0.06060
   0.1730	  0.05865
   0.1740	  0.05783
   0.1750	  0.05271
   0.1760	  0.05758
   0.1770	  0.05239
   0.1780	  0.05650
   0.1790	  0.05399
   0.1800	  0.06305
   0.1810	  0.06324
   0.1820	  0.05225
   0.1830	  0.05436
   0.1840	  0.04880
   0.1850	  0.05677
   0.1860	  0.05888
   0.1870	  0.05627
   0.1880	  0.05277
   0.1890	  0.05828
   0.1900	  0.06201
   0.1910	  0.05327
   0.1920	  0.04907
   0.1930	  0.05264
   0.1940	  0.04993
   0.1950	  0.04712
   0.1960	  0.04469
   0.1970	  0.04088
   0.1980	  0.05065
   0.1990	  0.05287
   0.2000	  0.04458
   0.2010	  0.03738
   0.2020	  0.04781
   0.2030	  0.04913
   0.2040	  0.04931
   0.2050	  0.05069
   0.2060	  0.05579
   0.2070	  0.06178
   0.2080	  0.06577
   0.2090	  0.06073
   0.2100	  0.06550
   0.2110	  0.07647
   0.2120	  0.07714
   0.2130	  0.06209
   0.2140	  0.06141
   0.2150	  0.05556
   0.2160	  0.05206
   0.2170	  0.04499
   0.2180	  0.04355
   0.2190	  0.04921
   0.2200	  0.05435
   0.2210	  0.04371
   0.2220	  0.04571
   0.2230	  0.04649
   0.2240	  0.04475
   0.2250	  0.05062
   0.2260	  0.04856
   0.2270	  0.04455
   0.2280	  0.04599
   0.2290	  0.03958
   0.2300	  0.03680
   0.2310	  0.04133
   0.2320	  0.03992
   0.2330	  0.04076
   0.2340	  0.04984
   0.2350	  0.04779
   0.2360	  0.04611
   0.2370	  0.04970
   0.2380	  0.05828
   0.2390	  0.05748
   0.2400	  0.06202
   0.2410	  0.06051
   0.2420	  0.07638
   0.2430	  0.05801
   0.2440	  0.05308
   0.2450	  0.04913
   0.2460	  0.05066
   0.2470	  0.06079
   0.2480	  0.05555
   0.2490	  0.05770
   0.2500	  0.05009
   0.2510	  0.05330
   0.2520	  0.05671
   0.2530	  0.05165
   0.2540	  0.05054
   0.2550	  0.04004
   0.2560	  0.03607
   0.2570	  0.04106
   0.2580	  0.03974
   0.2590	  0.04069
   0.2600	  0.03715
   0.2610	  0.04077
   0.2620	  0.03423
   0.2630	  0.03203
   0.2640	  0.03001
   0.2650	  0.03412
   0.2660	  0.02863
   0.2670	  0.02910
   0.2680	  0.03358
   0.2690	  0.03225
   0.2700	  0.03687
   0.2710	  0.03378
   0.2720	  0.03584
   0.2730	  0.02695
   0.2740	  0.03542
   0.2750	  0.03962
   0.2760	  0.04549
   0.2770	  0.03842
   0.2780	  0.04660
   0.2790	  0.04700
   0.2800	  0.05060
   0.2810	  0.04280
   0.2820	  0.04469
   0.2830	  0.04463
   0.2840	  0.05585
   0.2850	  0.05689
   0.2860	  0.04815
   0.2870	  0.04015
   0.2880	  0.04384
   0.2890	  0.04750
   0.2900	  0.04511
   0.2910	  0.03682
   0.2920	  0.03989
   0.2930	  0.03444
   0.2940	  0.02869
   0.2950	  0.03427
   0.2960	  0.02983
   0.2970	  0.03226
   0.2980	  0.03965
   0.2990	  0.03442
   0.3000	  0.02922
   0.3010	  0.03789
   0.3020	  0.03530
   0.3030	  0.03589
   0.3040	  0.03012
   0.3050	  0.03328
   0.3060	  0.03875
   0.3070	  0.03617
   0.3080	  0.03176
   0.3090	  0.02927
   0.3100	  0.04187
   0.3110	  0.04250
   0.3120	  0.03350
   0.3130	  0.03720
   0.3140	  0.03226
   0.3150	  0.03574
   0.3160	  0.03916
   0.3170	  0.03970
   0.3180	  0.04616
   0.3190	  0.05043
   0.3200	  0.05256
   0.3210	  0.06230
   0.3220	  0.07181
   0.3230	  0.06176
   0.3240	  0.05304
   0.3250	  0.05989
   0.3260	  0.05788
   0.3270	  0.04904
   0.3280	  0.04482
   0.3290	  0.04656
   0.3300	  0.04487
   0.3310	  0.03494
   0.3320	  0.04805
   0.3330	  0.04010
   0.3340	  0.03346
   0.3350	  0.03221
   0.3360	  0.03079
   0.3370	  0.03247
   0.3380	  0.02970
   0.3390	  0.02783
   0.3400	  0.03366
   0.3410	  0.03097
   0.3420	  0.02843
   0.3430	  0.02368
   0.3440	  0.02814
   0.3450	  0.03001
   0.3460	  0.03938
   0.3470	  0.02713
   0.3480	  0.02526
   0.3490	  0.03281
   0.3500	  0.03171
   0.3510	  0.02726
   0.3520	  0.03170
   0.3530	  0.03127
   0.3540	  0.03496
   0.3550	  0.03254
   0.3560	  0.03078
   0.3570	  0.03063
   0.3580	  0.02726
   0.3590	  0.02803
   0.3600	  0.02556
   0.3610	  0.02668
   0.3620	  0.02995
   0.3630	  0.03165
   0.3640	  0.03010
   0.3650	  0.03374
   0.3660	  0.02983
   0.3670	  0.02654
   0.3680	  0.02850
   0.3690	  0.03214
   0.3700	  0.03405
   0.3710	  0.04040
   0.3720	  0.02925
   0.3730	  0.03399
   0.3740	  0.03055
   0.3750	  0.03117
   0.3760	  0.03590
   0.3770	  0.03392
   0.3780	  0.03933
   0.3790	  0.04020
   0.3800	  0.03241
   0.3810	  0.03584
   0.3820	  0.03423
   0.3830	  0.03489
   0.3840	  0.04083
   0.3850	  0.03634
   0.3860	  0.03609
   0.3870	  0.03607
   0.3880	  0.03845
   0.3890	  0.03307
   0.3900	  0.02805
   0.3910	  0.03385
   0.3920	  0.03662
   0.3930	  0.02620
   0.3940	  0.02431
   0.3950	  0.03077
   0.3960	  0.03243
   0.3970	  0.03583
   0.3980	  0.03468
   0.3990	  0.04638
   0.4000	  0.03688
   0.4010	  0.04463
   0.4020	  0.03837
   0.4030	  0.03513
   0.4040	  0.03293
   0.4050	  0.03146
   0.4060	  0.02815
   0.4070	  0.02661
   0.4080	  0.03582
   0.4090	  0.03277
   0.4100	  0.03137
   0.4110	  0.02722
   0.4120	  0.02962
   0.4130	  0.02247
   0.4140	  0.02317
   0.4150	  0.02783
   0.4160	  0.02836
   0.4170	  0.02001
   0.4180	  0.02028
   0.4190	  0.01975
   0.4200	  0.02118
   0.4210	  0.02521
   0.4220	  0.02421
   0.4230	  0.02487
   0.4240	  0.03591
   0.4250	  0.02876
   0.4260	  0.02386
   0.4270	  0.03023
   0.4280	  0.02941
   0.4290	  0.03110
   0.4300	  0.03157
   0.4310	  0.03681
   0.4320	  0.03896
   0.4330	  0.04106
   0.4340	  0.03767
   0.4350	  0.04360
   0.4360	  0.03586
   0.4370	  0.03359
   0.4380	  0.02904
   0.4390	  0.02794
   0.4400	  0.02650
   0.4410	  0.02834
   0.4420	  0.02568
   0.4430	  0.02399
   0.4440	  0.02470
   0.4450	  0.02468
   0.4460	  0.02980
   0.4470	  0.03054
   0.4480	  0.03100
   0.4490	  0.02658
   0.4500	  0.03128
   0.4510	  0.03142
   0.4520	  0.03028
   0.4530	  0.02824
   0.4540	  0.02342
   0.4550	  0.02413
   0.4560	  0.03328
   0.4570	  0.03509
   0.4580	  0.02189
   0.4590	  0.02518
   0.4600	  0.02903
   0.4610	  0.03282
   0.4620	  0.02470
   0.4630	  0.02199
   0.4640	  0.02333
   0.4650	  0.02541
   0.4660	  0.02625
   0.4670	  0.02481
   0.4680	  0.02583
   0.4690	  0.02548
   0.4700	  0.03014
   0.4710	  0.02926
   0.4720	  0.03367
   0.4730	  0.02903
   0.4740	  0.03316
   0.4750	  0.02508
   0.4760	  0.02114
   0.4770	  0.02028
   0.4780	  0.02288
   0.4790	  0.01940
   0.4800	  0.02292
   0.4810	  0.02235
   0.4820	  0.02345
   0.4830	  0.02545
   0.4840	  0.02368
   0.4850	  0.02669
   0.4860	  0.02691
   0.4870	  0.02452
   0.4880	  0.02202
   0.4890	  0.02479
   0.4900	  0.01851
   0.4910	  0.02778
   0.4920	  0.02417
   0.4930	  0.01923
   0.4940	  0.02041
   0.4950	  0.01848
   0.4960	  0.01424
   0.4970	  0.01686
   0.4980	  0.01529
   0.4990	  0.01124
   0.5000	  0.01545
   0.5010	  0.01823
   0.5020	  0.02040
   0.5030	  0.02056
   0.5040	  0.02208
   0.5050	  0.02344
   0.5060	  0.02413
   0.5070	  0.02903
   0.5080	  0.02287
   0.5090	  0.01839
   0.5100	  0.01801
   0.5110	  0.02174
   0.5120	  0.02039
   0.5130	  0.02029
   0.5140	  0.02326
   0.5150	  0.02891
   0.5160	  0.02763
   0.5170	  0.01582
   0.5180	  0.02319
   0.5190	  0.02247
   0.5200	  0.02069
   0.5210	  0.02414
   0.5220	  0.02046
   0.5230	  0.01946
   0.5240	  0.02058
   0.5250	  0.01705
   0.5260	  0.01563
   0.5270	  0.01435
   0.5280	  0.01261
   0.5290	  0.01675
   0.5300	  0.01833
   0.5310	  0.03045
   0.5320	  0.03456
   0.5330	  0.02533
   0.5340	  0.02730
   0.5350	  0.02496
   0.5360	  0.02209
   0.5370	  0.01983
   0.5380	  0.01954
   0.5390	  0.01716
   0.5400	  0.02330
   0.5410	  0.02192
   0.5420	  0.02156
   0.5430	  0.01683
   0.5440	  0.01962
   0.5450	  0.01756
   0.5460	  0.01308
   0.5470	  0.01604
   0.5480	  0.01192
   0.5490	  0.00787
   0.5500	  0.00972
   0.5510	  0.00852
   0.5520	  0.00833
   0.5530	  0.01358
   0.5540	  0.01160
   0.5550	  0.01754
   0.5560	  0.01561
   0.5570	  0.01625
   0.5580	  0.01292
   0.5590	  0.01350
   0.5600	  0.01693
   0.5610	  0.01131
   0.5620	  0.00970
   0.5630	  0.00991
   0.5640	  0.01035
   0.5650	  0.01074
   0.5660	  0.01404
   0.5670	  0.01919
   0.5680	  0.01603
   0.5690	  0.01867
   0.5700	  0.02338
   0.5710	  0.02060
   0.5720	  0.02091
   0.5730	  0.02166
   0.5740	  0.02408
   0.5750	  0.01763
   0.5760	  0.01954
   0.5770	  0.01822
   0.5780	  0.01221
   0.5790	  0.01734
   0.5800	  0.01704
   0.5810	  0.01093
   0.5820	  0.00713
   0.5830	  0.00960
   0.5840	  0.01052
   0.5850	  0.00972
   0.5860	  0.01161
   0.5870	  0.01319
   0.5880	  0.01407
   0.5890	  0.01046
   0.5900	  0.01923
   0.5910	  0.01719
   0.5920	  0.01208
   0.5930	  0.02121
   0.5940	  0.01718
   0.5950	  0.01104
   0.5960	  0.01120
   0.5970	  0.01082
   0.5980	  0.01098
   0.5990	  0.00393
   0.6000	  0.00592
   0.6010	  0.00547
   0.6020	  0.00693
   0.6030	  0.01031
   0.6040	  0.00842
   0.6050	  0.00916
   0.6060	  0.00566
   0.6070	  0.00964
   0.6080	  0.01374
   0.6090	  0.01371
   0.6100	  0.01598
   0.6110	  0.01927
   0.6120	  0.01463
   0.6130	  0.01375
   0.6140	  0.01740
   0.6150	  0.01860
   0.6160	  0.02089
   0.6170	  0.01845
   0.6180	  0.01539
   0.6190	  0.01476
   0.6200	  0.01345
   0.6210	  0.01050
   0.6220	  0.01027
   0.6230	  0.01023
   0.6240	  0.01219
   0.6250	  0.01166
   0.6260	  0.00974
   0.6270	  0.01266
   0.6280	  0.01032
   0.6290	  0.00811
   0.6300	  0.00941
   0.6310	  0.00920
   0.6320	  0.00740
   0.6330	  0.00542
   0.6340	  0.00901
   0.6350	  0.01354
   0.6360	  0.01127
   0.6370	  0.00507
   0.6380	  0.01261
   0.6390	  0.01649
   0.6400	  0.01879
   0.6410	  0.01661
   0.6420	  0.01856
   0.6430	  0.01401
   0.6440	  0.01062
   0.6450	  0.01354
   0.6460	  0.01379
   0.6470	  0.01222
   0.6480	  0.01569
   0.6490	  0.01059
   0.6500	  0.01613
   0.6510	  0.02210
   0.6520	  0.02113
   0.6530	  0.01645
   0.6540	  0.01574
   0.6550	  0.01719
   0.6560	  0.01348
   0.6570	  0.01166
   0.6580	  0.00705
   0.6590	  0.01020
   0.6600	  0.01180
   0.6610	  0.01270
   0.6620	  0.01063
   0.6630	  0.00839
   0.6640	  0.00328
   0.6650	  0.00488
   0.6660	  0.00565
   0.6670	  0.00935
   0.6680	  0.00817
   0.6690	  0.01440
   0.6700	  0.01661
   0.6710	  0.01939
   0.6720	  0.01979
   0.6730	  0.01390
   0.6740	  0.01494
   0.6750	  0.00958
   0.6760	  0.01238
   0.6770	  0.00906
   0.6780	  0.01367
   0.6790	  0.01478
   0.6800	  0.01008
   0.6810	  0.00912
   0.6820	  0.00588
   0.6830	  0.00932
   0.6840	  0.00850
   0.6850	  0.01553
   0.6860	  0.01276
   0.6870	  0.01399
   0.6880	  0.01260
   0.6890	  0.01068
   0.6900	  0.00982
   0.6910	  0.01160
   0.6920	  0.01556
   0.6930	  0.01040
   0.6940	  0.01195
   0.6950	  0.01599
   0.6960	  0.00887
   0.6970	  0.01130
   0.6980	  0.01473
   0.6990	  0.01519
   0.7000	  0.01223
   0.7010	  0.01002
   0.7020	  0.00816
   0.7030	  0.00638
   0.7040	  0.00999
   0.7050	  0.00617
   0.7060	  0.00722
   0.7070	  0.00847
   0.7080	  0.01208
   0.7090	  0.01152
   0.7100	  0.00844
   0.7110	  0.00819
   0.7120	  0.01472
   0.7130	  0.01380
   0.7140	  0.01934
   0.7150	  0.01571
   0.7160	  0.01793
   0.7170	  0.02405
   0.7180	  0.02941
   0.7190	  0.02191
   0.7200	  0.02037
   0.7210	  0.01412
   0.7220	  0.01328
   0.7230	  0.01653
   0.7240	  0.01871
   0.7250	  0.01953
   0.7260	  0.01804
   0.7270	  0.01868
   0.7280	  0.01721
   0.7290	  0.01542
   0.7300	  0.01346
   0.7310	  0.01409
   0.7320	  0.01296
   0.7330	  0.01630
   0.7340	  0.01030
   0.7350	  0.01015
   0.7360	  0.01225
   0.7370	  0.00728
   0.7380	  0.00574
   0.7390	  0.00863
   0.7400	  0.01038
   0.7410	  0.00841
   0.7420	  0.01066
   0.7430	  0.01022
   0.7440	  0.00723
   0.7450	  0.00735
   0.7460	  0.00869
   0.7470	  0.00665
   0.7480	  0.01200
   0.7490	  0.01039
   0.7500	  0.01388
   0.7510	  0.01305
   0.7520	  0.01742
   0.7530	  0.02059
   0.7540	  0.01650
   0.7550	  0.01241
   0.7560	  0.01054
   0.7570	  0.01241
   0.7580	  0.01121
   0.7590	  0.01313
   0.7600	  0.00826
   0.7610	  0.00875
   0.7620	  0.01355
   0.7630	  0.00961
   0.7640	  0.00996
   0.7650	  0.01025
   0.7660	  0.00725
   0.7670	  0.00908
   0.7680	  0.00842
   0.7690	  0.00872
   0.7700	  0.00934
   0.7710	  0.00996
   0.7720	  0.01101
   0.7730	  0.00858
   0.7740	  0.01013
   0.7750	  0.00780
   0.7760	  0.01627
   0.7770	  0.01273
   0.7780	  0.01076
   0.7790	  0.01425
   0.7800	  0.01501
   0.7810	  0.01836
   0.7820	  0.01874
   0.7830	  0.02385
   0.7840	  0.02197
   0.7850	  0.01889
   0.7860	  0.01340
   0.7870	  0.01672
   0.7880	  0.01381
   0.7890	  0.02095
   0.7900	  0.02223
   0.7910	  0.02292
   0.7920	  0.01716
   0.7930	  0.02445
   0.7940	  0.02460
   0.7950	  0.02720
   0.7960	  0.02197
   0.7970	  0.02441
   0.7980	  0.01568
   0.7990	  0.01919
   0.8000	  0.01741
   0.8010	  0.01601
   0.8020	  0.01403
   0.8030	  0.01405
   0.8040	  0.01317
   0.8050	  0.00731
   0.8060	  0.00955
   0.8070	  0.00822
   0.8080	  0.01218
   0.8090	  0.00806
   0.8100	  0.00820
   0.8110	  0.00870
   0.8120	  0.01245
   0.8130	  0.01157
   0.8140	  0.01427
   0.8150	  0.01350
   0.8160	  0.01438
   0.8170	  0.01100
   0.8180	  0.00825
   0.8190	  0.01134
   0.8200	  0.01848
   0.8210	  0.01320
   0.8220	  0.00825
   0.8230	  0.01066
   0.8240	  0.00990
   0.8250	  0.01503
   0.8260	  0.01222
   0.8270	  0.01615
   0.8280	  0.01647
   0.8290	  0.01712
   0.8300	  0.01331
   0.8310	  0.01057
   0.8320	  0.01416
   0.8330	  0.00966
   0.8340	  0.01258
   0.8350	  0.01227
   0.8360	  0.00551
   0.8370	  0.01091
   0.8380	  0.00769
   0.8390	  0.00422
   0.8400	  0.00389
   0.8410	  0.00210
   0.8420	  0.00357
   0.8430	  0.01065
   0.8440	  0.00491
   0.8450	  0.00496
   0.8460	  0.00423
   0.8470	  0.00989
   0.8480	  0.00436
   0.8490	  0.00492
   0.8500	  0.00654
   0.8510	  0.00948
   0.8520	  0.01126
   0.8530	  0.01020
   0.8540	  0.01016
   0.8550	  0.00554
   0.8560	  0.01184
   0.8570	  0.00510
   0.8580	  0.00798
   0.8590	  0.00873
   0.8600	  0.00594
   0.8610	  0.00971
   0.8620	  0.00674
   0.8630	  0.00197
   0.8640	  0.01645
   0.8650	  0.01244
   0.8660	  0.01084
   0.8670	  0.01134
   0.8680	  0.00687
   0.8690	  0.00482
   0.8700	  0.00575
   0.8710	  0.00582
   0.8720	  0.00401
   0.8730	  0.00187
   0.8740	  0.00805
   0.8750	  0.00856
   0.8760	  0.01174
   0.8770	  0.01058
   0.8780	  0.01099
   0.8790	  0.01000
   0.8800	  0.00251
   0.8810	  0.00894
   0.8820	  0.00241
   0.8830	  0.00707
   0.8840	  0.01126
   0.8850	  0.00795
   0.8860	  0.00900
   0.8870	  0.00785
   0.8880	  0.00958
   0.8890	  0.00763
   0.8900	  0.00584
   0.8910	  0.00943
   0.8920	  0.00803
   0.8930	  0.01013
   0.8940	  0.01005
   0.8950	  0.00259
   0.8960	  0.01474
   0.8970	  0.00599
   0.8980	  0.00989
   0.8990	  0.00603
   0.9000	  0.00480
   0.9010	  0.00694
   0.9020	  0.00719
   0.9030	  0.00861
   0.9040	  0.00696
   0.9050	  0.01412
   0.9060	  0.00444
   0.9070	  0.00497
   0.9080	  0.00419
   0.9090	  0.01021
   0.9100	  0.00431
   0.9110	  0.00750
   0.9120	  0.00854
   0.9130	  0.01014
   0.9140	  0.00908
   0.9150	  0.01167
   0.9160	  0.01221
   0.9170	  0.01419
   0.9180	  0.01101
   0.9190	  0.02409
   0.9200	  0.01717
   0.9210	  0.01331
   0.9220	  0.01636
   0.9230	  0.01985
   0.9240	  0.02043
   0.9250	  0.01804
   0.9260	  0.01457
   0.9270	  0.01090
   0.9280	  0.01442
   0.9290	  0.00490
   0.9300	  0.00762
   0.9310	  0.00837
   0.9320	  0.00706
   0.9330	  0.01371
   0.9340	  0.01532
   0.9350	  0.01095
   0.9360	  0.00967
   0.9370	  0.01053
   0.9380	  0.01132
   0.9390	  0.01674
   0.9400	  0.01190
   0.9410	  0.00708
   0.9420	  0.00717
   0.9430	  0.00709
   0.9440	  0.00609
   0.9450	  0.00601
   0.9460	  0.00611
   0.9470	  0.00694
   0.9480	  0.00829
   0.9490	  0.00939
   0.9500	  0.01154
   0.9510	  0.01118
   0.9520	  0.01157
   0.9530	  0.01001
   0.9540	  0.01264
   0.9550	  0.00618
   0.9560	  0.00804
   0.9570	  0.00760
   0.9580	  0.00671
   0.9590	  0.00437
   0.9600	  0.00478
   0.9610	  0.00507
   0.9620	  0.00921
   0.9630	  0.00464
   0.9640	  0.01293
   0.9650	  0.00723
   0.9660	  0.00447
   0.9670	  0.00567
   0.9680	  0.00906
   0.9690	  0.00387
   0.9700	  0.00320
   0.9710	  0.00292
   0.9720	  0.00194
   0.9730	 -0.00102
   0.9740	  0.00177
   0.9750	 -0.00025
   0.9760	  0.00180
   0.9770	  0.00388
   0.9780	  0.00310
   0.9790	  0.00282
   0.9800	  0.00011
   0.9810	  0.00891
   0.9820	  0.00080
   0.9830	  0.00147
   0.9840	  0.00780
   0.9850	  0.00933
   0.9860	  0.00610
   0.9870	  0.00593
   0.9880	  0.00374
   0.9890	  0.00223
   0.9900	  0.00402
   0.9910	  0.00605
   0.9920	  0.00823
   0.9930	  0.00858
   0.9940	  0.01090
   0.9950	  0.01202
   0.9960	  0.01287
   0.9970	  0.01378
   0.9980	  0.01847
   0.9990	  0.01314
   1.0000	  0.01613
