## Jackknife output: chrom 2
## Bin(cM)	Covariance
   0.0010	  0.06061
   0.0020	  0.11345
   0.0030	  0.12329
   0.0040	  0.12397
   0.0050	  0.12324
   0.0060	  0.11400
   0.0070	  0.11225
   0.0080	  0.10998
   0.0090	  0.11451
   0.0100	  0.11444
   0.0110	  0.10527
   0.0120	  0.09674
   0.0130	  0.10474
   0.0140	  0.09431
   0.0150	  0.09217
   0.0160	  0.08847
   0.0170	  0.09090
   0.0180	  0.08964
   0.0190	  0.08521
   0.0200	  0.08339
   0.0210	  0.08550
   0.0220	  0.08892
   0.0230	  0.08512
   0.0240	  0.09511
   0.0250	  0.08903
   0.0260	  0.10796
   0.0270	  0.10107
   0.0280	  0.09234
   0.0290	  0.09050
   0.0300	  0.08746
   0.0310	  0.09158
   0.0320	  0.09459
   0.0330	  0.09699
   0.0340	  0.09087
   0.0350	  0.08653
   0.0360	  0.09211
   0.0370	  0.08702
   0.0380	  0.08892
   0.0390	  0.08623
   0.0400	  0.08961
   0.0410	  0.09541
   0.0420	  0.08772
   0.0430	  0.08476
   0.0440	  0.08531
   0.0450	  0.08779
   0.0460	  0.09738
   0.0470	  0.09414
   0.0480	  0.08717
   0.0490	  0.09820
   0.0500	  0.08929
   0.0510	  0.07962
   0.0520	  0.08228
   0.0530	  0.07714
   0.0540	  0.07598
   0.0550	  0.07610
   0.0560	  0.07315
   0.0570	  0.07427
   0.0580	  0.08146
   0.0590	  0.07959
   0.0600	  0.07893
   0.0610	  0.07736
   0.0620	  0.07368
   0.0630	  0.07069
   0.0640	  0.07108
   0.0650	  0.07656
   0.0660	  0.06016
   0.0670	  0.05906
   0.0680	  0.05646
   0.0690	  0.06736
   0.0700	  0.07953
   0.0710	  0.07668
   0.0720	  0.07825
   0.0730	  0.07757
   0.0740	  0.07341
   0.0750	  0.07512
   0.0760	  0.07359
   0.0770	  0.07062
   0.0780	  0.08573
   0.0790	  0.09693
   0.0800	  0.08825
   0.0810	  0.09212
   0.0820	  0.08120
   0.0830	  0.08417
   0.0840	  0.08515
   0.0850	  0.09050
   0.0860	  0.07746
   0.0870	  0.07271
   0.0880	  0.07534
   0.0890	  0.06613
   0.0900	  0.07804
   0.0910	  0.08545
   0.0920	  0.07565
   0.0930	  0.06502
   0.0940	  0.07305
   0.0950	  0.08315
   0.0960	  0.08440
   0.0970	  0.06843
   0.0980	  0.06410
   0.0990	  0.05901
   0.1000	  0.06482
   0.1010	  0.06895
   0.1020	  0.06092
   0.1030	  0.06632
   0.1040	  0.07887
   0.1050	  0.06689
   0.1060	  0.06920
   0.1070	  0.07380
   0.1080	  0.06572
   0.1090	  0.06670
   0.1100	  0.06748
   0.1110	  0.06838
   0.1120	  0.06748
   0.1130	  0.06764
   0.1140	  0.06699
   0.1150	  0.05872
   0.1160	  0.06645
   0.1170	  0.06465
   0.1180	  0.07388
   0.1190	  0.07364
   0.1200	  0.08050
   0.1210	  0.08055
   0.1220	  0.07618
   0.1230	  0.08518
   0.1240	  0.08207
   0.1250	  0.07282
   0.1260	  0.07724
   0.1270	  0.07617
   0.1280	  0.08181
   0.1290	  0.08700
   0.1300	  0.09685
   0.1310	  0.08949
   0.1320	  0.09599
   0.1330	  0.10030
   0.1340	  0.09931
   0.1350	  0.07961
   0.1360	  0.07694
   0.1370	  0.06388
   0.1380	  0.06298
   0.1390	  0.07320
   0.1400	  0.07144
   0.1410	  0.07097
   0.1420	  0.07153
   0.1430	  0.06151
   0.1440	  0.06413
   0.1450	  0.06878
   0.1460	  0.06073
   0.1470	  0.06353
   0.1480	  0.05522
   0.1490	  0.07004
   0.1500	  0.06459
   0.1510	  0.06415
   0.1520	  0.06728
   0.1530	  0.06386
   0.1540	  0.06585
   0.1550	  0.05868
   0.1560	  0.05665
   0.1570	  0.05804
   0.1580	  0.04968
   0.1590	  0.05161
   0.1600	  0.04885
   0.1610	  0.05193
   0.1620	  0.05159
   0.1630	  0.05246
   0.1640	  0.05784
   0.1650	  0.06116
   0.1660	  0.05849
   0.1670	  0.07169
   0.1680	  0.06507
   0.1690	  0.06314
   0.1700	  0.06556
   0.1710	  0.05739
   0.1720	  0.06261
   0.1730	  0.06191
   0.1740	  0.05968
   0.1750	  0.05357
   0.1760	  0.05801
   0.1770	  0.05413
   0.1780	  0.05760
   0.1790	  0.05403
   0.1800	  0.06324
   0.1810	  0.06319
   0.1820	  0.05415
   0.1830	  0.05384
   0.1840	  0.05073
   0.1850	  0.06016
   0.1860	  0.06178
   0.1870	  0.05876
   0.1880	  0.05588
   0.1890	  0.05958
   0.1900	  0.06497
   0.1910	  0.05618
   0.1920	  0.05186
   0.1930	  0.05363
   0.1940	  0.05213
   0.1950	  0.04986
   0.1960	  0.04755
   0.1970	  0.04300
   0.1980	  0.05392
   0.1990	  0.05771
   0.2000	  0.04848
   0.2010	  0.04055
   0.2020	  0.05125
   0.2030	  0.05225
   0.2040	  0.05288
   0.2050	  0.05354
   0.2060	  0.05905
   0.2070	  0.06573
   0.2080	  0.07077
   0.2090	  0.06324
   0.2100	  0.06747
   0.2110	  0.07913
   0.2120	  0.08303
   0.2130	  0.06793
   0.2140	  0.06787
   0.2150	  0.06064
   0.2160	  0.05797
   0.2170	  0.05018
   0.2180	  0.04840
   0.2190	  0.05115
   0.2200	  0.05701
   0.2210	  0.04578
   0.2220	  0.04748
   0.2230	  0.04811
   0.2240	  0.04641
   0.2250	  0.05161
   0.2260	  0.04986
   0.2270	  0.04561
   0.2280	  0.04669
   0.2290	  0.04031
   0.2300	  0.03787
   0.2310	  0.04342
   0.2320	  0.04175
   0.2330	  0.04431
   0.2340	  0.05381
   0.2350	  0.05041
   0.2360	  0.04934
   0.2370	  0.05137
   0.2380	  0.06131
   0.2390	  0.05866
   0.2400	  0.06258
   0.2410	  0.06243
   0.2420	  0.07972
   0.2430	  0.05992
   0.2440	  0.05445
   0.2450	  0.05146
   0.2460	  0.05298
   0.2470	  0.06427
   0.2480	  0.05767
   0.2490	  0.06136
   0.2500	  0.05316
   0.2510	  0.05553
   0.2520	  0.05793
   0.2530	  0.05171
   0.2540	  0.05221
   0.2550	  0.04097
   0.2560	  0.03685
   0.2570	  0.04343
   0.2580	  0.04203
   0.2590	  0.04382
   0.2600	  0.03952
   0.2610	  0.04047
   0.2620	  0.03084
   0.2630	  0.03268
   0.2640	  0.03115
   0.2650	  0.03480
   0.2660	  0.02864
   0.2670	  0.03002
   0.2680	  0.03564
   0.2690	  0.03258
   0.2700	  0.03754
   0.2710	  0.03488
   0.2720	  0.03723
   0.2730	  0.02780
   0.2740	  0.03480
   0.2750	  0.04070
   0.2760	  0.04791
   0.2770	  0.04116
   0.2780	  0.04615
   0.2790	  0.04891
   0.2800	  0.05275
   0.2810	  0.04469
   0.2820	  0.04574
   0.2830	  0.04694
   0.2840	  0.05895
   0.2850	  0.05999
   0.2860	  0.05020
   0.2870	  0.04187
   0.2880	  0.04493
   0.2890	  0.04985
   0.2900	  0.04628
   0.2910	  0.03601
   0.2920	  0.03737
   0.2930	  0.03204
   0.2940	  0.02877
   0.2950	  0.03428
   0.2960	  0.03090
   0.2970	  0.03408
   0.2980	  0.04067
   0.2990	  0.03495
   0.3000	  0.02962
   0.3010	  0.03767
   0.3020	  0.03591
   0.3030	  0.03608
   0.3040	  0.03083
   0.3050	  0.03465
   0.3060	  0.04185
   0.3070	  0.03754
   0.3080	  0.03375
   0.3090	  0.03096
   0.3100	  0.04053
   0.3110	  0.04432
   0.3120	  0.03416
   0.3130	  0.04033
   0.3140	  0.03371
   0.3150	  0.03738
   0.3160	  0.03941
   0.3170	  0.04228
   0.3180	  0.04860
   0.3190	  0.05012
   0.3200	  0.05427
   0.3210	  0.06519
   0.3220	  0.07666
   0.3230	  0.06510
   0.3240	  0.05410
   0.3250	  0.06271
   0.3260	  0.06047
   0.3270	  0.04933
   0.3280	  0.04349
   0.3290	  0.04473
   0.3300	  0.04618
   0.3310	  0.03558
   0.3320	  0.04695
   0.3330	  0.03825
   0.3340	  0.03276
   0.3350	  0.03222
   0.3360	  0.02890
   0.3370	  0.03070
   0.3380	  0.03060
   0.3390	  0.02882
   0.3400	  0.03560
   0.3410	  0.03071
   0.3420	  0.02869
   0.3430	  0.02452
   0.3440	  0.03018
   0.3450	  0.03271
   0.3460	  0.04216
   0.3470	  0.02745
   0.3480	  0.02674
   0.3490	  0.03329
   0.3500	  0.03133
   0.3510	  0.02692
   0.3520	  0.03183
   0.3530	  0.02951
   0.3540	  0.03383
   0.3550	  0.03204
   0.3560	  0.03086
   0.3570	  0.03037
   0.3580	  0.02745
   0.3590	  0.02779
   0.3600	  0.02623
   0.3610	  0.02664
   0.3620	  0.02963
   0.3630	  0.02889
   0.3640	  0.02894
   0.3650	  0.03229
   0.3660	  0.02617
   0.3670	  0.02651
   0.3680	  0.02915
   0.3690	  0.03058
   0.3700	  0.03422
   0.3710	  0.04027
   0.3720	  0.02952
   0.3730	  0.03280
   0.3740	  0.03116
   0.3750	  0.03007
   0.3760	  0.03387
   0.3770	  0.03153
   0.3780	  0.03524
   0.3790	  0.03713
   0.3800	  0.02997
   0.3810	  0.03639
   0.3820	  0.03104
   0.3830	  0.03060
   0.3840	  0.03466
   0.3850	  0.02795
   0.3860	  0.03119
   0.3870	  0.03130
   0.3880	  0.03470
   0.3890	  0.02927
   0.3900	  0.02493
   0.3910	  0.02918
   0.3920	  0.03568
   0.3930	  0.02442
   0.3940	  0.02152
   0.3950	  0.02623
   0.3960	  0.02740
   0.3970	  0.03239
   0.3980	  0.03155
   0.3990	  0.04403
   0.4000	  0.03663
   0.4010	  0.04604
   0.4020	  0.03909
   0.4030	  0.03422
   0.4040	  0.03263
   0.4050	  0.02920
   0.4060	  0.02430
   0.4070	  0.02334
   0.4080	  0.03296
   0.4090	  0.03181
   0.4100	  0.02924
   0.4110	  0.02511
   0.4120	  0.02812
   0.4130	  0.02318
   0.4140	  0.02236
   0.4150	  0.02574
   0.4160	  0.02853
   0.4170	  0.02005
   0.4180	  0.01948
   0.4190	  0.02063
   0.4200	  0.02048
   0.4210	  0.02690
   0.4220	  0.02598
   0.4230	  0.02436
   0.4240	  0.03558
   0.4250	  0.02750
   0.4260	  0.02186
   0.4270	  0.02509
   0.4280	  0.02621
   0.4290	  0.02560
   0.4300	  0.02804
   0.4310	  0.02995
   0.4320	  0.03217
   0.4330	  0.03235
   0.4340	  0.03248
   0.4350	  0.03844
   0.4360	  0.03016
   0.4370	  0.02862
   0.4380	  0.02148
   0.4390	  0.02202
   0.4400	  0.02009
   0.4410	  0.02128
   0.4420	  0.02123
   0.4430	  0.02102
   0.4440	  0.02063
   0.4450	  0.02212
   0.4460	  0.02402
   0.4470	  0.02627
   0.4480	  0.02468
   0.4490	  0.02384
   0.4500	  0.02849
   0.4510	  0.02604
   0.4520	  0.02788
   0.4530	  0.02573
   0.4540	  0.02112
   0.4550	  0.02106
   0.4560	  0.02489
   0.4570	  0.02897
   0.4580	  0.01801
   0.4590	  0.02025
   0.4600	  0.02505
   0.4610	  0.03244
   0.4620	  0.02350
   0.4630	  0.02130
   0.4640	  0.02267
   0.4650	  0.02481
   0.4660	  0.02621
   0.4670	  0.02561
   0.4680	  0.02630
   0.4690	  0.02473
   0.4700	  0.02662
   0.4710	  0.02467
   0.4720	  0.03273
   0.4730	  0.02569
   0.4740	  0.03114
   0.4750	  0.02428
   0.4760	  0.01914
   0.4770	  0.01925
   0.4780	  0.02490
   0.4790	  0.01922
   0.4800	  0.02235
   0.4810	  0.02107
   0.4820	  0.02495
   0.4830	  0.02775
   0.4840	  0.02437
   0.4850	  0.02719
   0.4860	  0.02656
   0.4870	  0.02322
   0.4880	  0.02314
   0.4890	  0.02617
   0.4900	  0.02095
   0.4910	  0.02876
   0.4920	  0.02138
   0.4930	  0.01969
   0.4940	  0.01988
   0.4950	  0.02017
   0.4960	  0.01534
   0.4970	  0.01822
   0.4980	  0.01572
   0.4990	  0.01178
   0.5000	  0.01167
   0.5010	  0.01574
   0.5020	  0.01883
   0.5030	  0.02018
   0.5040	  0.02023
   0.5050	  0.02196
   0.5060	  0.02570
   0.5070	  0.03061
   0.5080	  0.02389
   0.5090	  0.01992
   0.5100	  0.01787
   0.5110	  0.01981
   0.5120	  0.01727
   0.5130	  0.01788
   0.5140	  0.01904
   0.5150	  0.02747
   0.5160	  0.02441
   0.5170	  0.01460
   0.5180	  0.02271
   0.5190	  0.02234
   0.5200	  0.02011
   0.5210	  0.02327
   0.5220	  0.01928
   0.5230	  0.01985
   0.5240	  0.01926
   0.5250	  0.01640
   0.5260	  0.01783
   0.5270	  0.01606
   0.5280	  0.01277
   0.5290	  0.01628
   0.5300	  0.01791
   0.5310	  0.03062
   0.5320	  0.03478
   0.5330	  0.02521
   0.5340	  0.02615
   0.5350	  0.02443
   0.5360	  0.02259
   0.5370	  0.02013
   0.5380	  0.02027
   0.5390	  0.01590
   0.5400	  0.02495
   0.5410	  0.02172
   0.5420	  0.02073
   0.5430	  0.01903
   0.5440	  0.02082
   0.5450	  0.01894
   0.5460	  0.01496
   0.5470	  0.01847
   0.5480	  0.01378
   0.5490	  0.00971
   0.5500	  0.01190
   0.5510	  0.01036
   0.5520	  0.01043
   0.5530	  0.01657
   0.5540	  0.01356
   0.5550	  0.02036
   0.5560	  0.01749
   0.5570	  0.01808
   0.5580	  0.01395
   0.5590	  0.01485
   0.5600	  0.01776
   0.5610	  0.01107
   0.5620	  0.01103
   0.5630	  0.01137
   0.5640	  0.01315
   0.5650	  0.01290
   0.5660	  0.01694
   0.5670	  0.02410
   0.5680	  0.02020
   0.5690	  0.02170
   0.5700	  0.02592
   0.5710	  0.02258
   0.5720	  0.02339
   0.5730	  0.02203
   0.5740	  0.02423
   0.5750	  0.01732
   0.5760	  0.01982
   0.5770	  0.01934
   0.5780	  0.01366
   0.5790	  0.01935
   0.5800	  0.01685
   0.5810	  0.01127
   0.5820	  0.00851
   0.5830	  0.01069
   0.5840	  0.01230
   0.5850	  0.01072
   0.5860	  0.01124
   0.5870	  0.01216
   0.5880	  0.01298
   0.5890	  0.00777
   0.5900	  0.01511
   0.5910	  0.01488
   0.5920	  0.01025
   0.5930	  0.01919
   0.5940	  0.01500
   0.5950	  0.00880
   0.5960	  0.01039
   0.5970	  0.00974
   0.5980	  0.01044
   0.5990	  0.00477
   0.6000	  0.00684
   0.6010	  0.00760
   0.6020	  0.00915
   0.6030	  0.01129
   0.6040	  0.00932
   0.6050	  0.01048
   0.6060	  0.00702
   0.6070	  0.01072
   0.6080	  0.01525
   0.6090	  0.01361
   0.6100	  0.01682
   0.6110	  0.01933
   0.6120	  0.01238
   0.6130	  0.01293
   0.6140	  0.01474
   0.6150	  0.01577
   0.6160	  0.01716
   0.6170	  0.01519
   0.6180	  0.01273
   0.6190	  0.01325
   0.6200	  0.01283
   0.6210	  0.01057
   0.6220	  0.00921
   0.6230	  0.01238
   0.6240	  0.01431
   0.6250	  0.01282
   0.6260	  0.01106
   0.6270	  0.01513
   0.6280	  0.01058
   0.6290	  0.01001
   0.6300	  0.01058
   0.6310	  0.00988
   0.6320	  0.00819
   0.6330	  0.00635
   0.6340	  0.00852
   0.6350	  0.01408
   0.6360	  0.01173
   0.6370	  0.00482
   0.6380	  0.01096
   0.6390	  0.01685
   0.6400	  0.01818
   0.6410	  0.01698
   0.6420	  0.01953
   0.6430	  0.01272
   0.6440	  0.01171
   0.6450	  0.01549
   0.6460	  0.01518
   0.6470	  0.01589
   0.6480	  0.01862
   0.6490	  0.01366
   0.6500	  0.02006
   0.6510	  0.02500
   0.6520	  0.02282
   0.6530	  0.01914
   0.6540	  0.01745
   0.6550	  0.01947
   0.6560	  0.01603
   0.6570	  0.01446
   0.6580	  0.00959
   0.6590	  0.01270
   0.6600	  0.01372
   0.6610	  0.01467
   0.6620	  0.01416
   0.6630	  0.01135
   0.6640	  0.00559
   0.6650	  0.00718
   0.6660	  0.00813
   0.6670	  0.01218
   0.6680	  0.01119
   0.6690	  0.01754
   0.6700	  0.02039
   0.6710	  0.02196
   0.6720	  0.02291
   0.6730	  0.01685
   0.6740	  0.01731
   0.6750	  0.01219
   0.6760	  0.01495
   0.6770	  0.01102
   0.6780	  0.01531
   0.6790	  0.01673
   0.6800	  0.01204
   0.6810	  0.01097
   0.6820	  0.00786
   0.6830	  0.01148
   0.6840	  0.01007
   0.6850	  0.01811
   0.6860	  0.01511
   0.6870	  0.01666
   0.6880	  0.01483
   0.6890	  0.01259
   0.6900	  0.01316
   0.6910	  0.01470
   0.6920	  0.01829
   0.6930	  0.01194
   0.6940	  0.01367
   0.6950	  0.01810
   0.6960	  0.00988
   0.6970	  0.01322
   0.6980	  0.01641
   0.6990	  0.01774
   0.7000	  0.01453
   0.7010	  0.01239
   0.7020	  0.00980
   0.7030	  0.00781
   0.7040	  0.01129
   0.7050	  0.00819
   0.7060	  0.00874
   0.7070	  0.00993
   0.7080	  0.01442
   0.7090	  0.01316
   0.7100	  0.01023
   0.7110	  0.00889
   0.7120	  0.01532
   0.7130	  0.01376
   0.7140	  0.01789
   0.7150	  0.01256
   0.7160	  0.01689
   0.7170	  0.02087
   0.7180	  0.02857
   0.7190	  0.02359
   0.7200	  0.02341
   0.7210	  0.01704
   0.7220	  0.01551
   0.7230	  0.01893
   0.7240	  0.02178
   0.7250	  0.02281
   0.7260	  0.02140
   0.7270	  0.02211
   0.7280	  0.01986
   0.7290	  0.01767
   0.7300	  0.01528
   0.7310	  0.01627
   0.7320	  0.01473
   0.7330	  0.01844
   0.7340	  0.01269
   0.7350	  0.01179
   0.7360	  0.01435
   0.7370	  0.00889
   0.7380	  0.00719
   0.7390	  0.01017
   0.7400	  0.01208
   0.7410	  0.00947
   0.7420	  0.01172
   0.7430	  0.01258
   0.7440	  0.00873
   0.7450	  0.00836
   0.7460	  0.01005
   0.7470	  0.00823
   0.7480	  0.01401
   0.7490	  0.01239
   0.7500	  0.01685
   0.7510	  0.01631
   0.7520	  0.02089
   0.7530	  0.02413
   0.7540	  0.01933
   0.7550	  0.01413
   0.7560	  0.01184
   0.7570	  0.01290
   0.7580	  0.01314
   0.7590	  0.01332
   0.7600	  0.00953
   0.7610	  0.01017
   0.7620	  0.01538
   0.7630	  0.01102
   0.7640	  0.01197
   0.7650	  0.01176
   0.7660	  0.00914
   0.7670	  0.01123
   0.7680	  0.01039
   0.7690	  0.01061
   0.7700	  0.01105
   0.7710	  0.01257
   0.7720	  0.01329
   0.7730	  0.01008
   0.7740	  0.01261
   0.7750	  0.01011
   0.7760	  0.01868
   0.7770	  0.01500
   0.7780	  0.01332
   0.7790	  0.01737
   0.7800	  0.01789
   0.7810	  0.02088
   0.7820	  0.02029
   0.7830	  0.02646
   0.7840	  0.02442
   0.7850	  0.02051
   0.7860	  0.01581
   0.7870	  0.01951
   0.7880	  0.01577
   0.7890	  0.02370
   0.7900	  0.02525
   0.7910	  0.02633
   0.7920	  0.01966
   0.7930	  0.02813
   0.7940	  0.02792
   0.7950	  0.03034
   0.7960	  0.02364
   0.7970	  0.02644
   0.7980	  0.01816
   0.7990	  0.01880
   0.8000	  0.01646
   0.8010	  0.01689
   0.8020	  0.01435
   0.8030	  0.01326
   0.8040	  0.01427
   0.8050	  0.00832
   0.8060	  0.00926
   0.8070	  0.00913
   0.8080	  0.01351
   0.8090	  0.00989
   0.8100	  0.01046
   0.8110	  0.00842
   0.8120	  0.01087
   0.8130	  0.00960
   0.8140	  0.01039
   0.8150	  0.00984
   0.8160	  0.00960
   0.8170	  0.01002
   0.8180	  0.00797
   0.8190	  0.01186
   0.8200	  0.02101
   0.8210	  0.01548
   0.8220	  0.01006
   0.8230	  0.01214
   0.8240	  0.01151
   0.8250	  0.01775
   0.8260	  0.01447
   0.8270	  0.01885
   0.8280	  0.01899
   0.8290	  0.01992
   0.8300	  0.01651
   0.8310	  0.01290
   0.8320	  0.01593
   0.8330	  0.01176
   0.8340	  0.01381
   0.8350	  0.01383
   0.8360	  0.00649
   0.8370	  0.01226
   0.8380	  0.00915
   0.8390	  0.00632
   0.8400	  0.00550
   0.8410	  0.00425
   0.8420	  0.00481
   0.8430	  0.01310
   0.8440	  0.00683
   0.8450	  0.00668
   0.8460	  0.00714
   0.8470	  0.01280
   0.8480	  0.00693
   0.8490	  0.00717
   0.8500	  0.00893
   0.8510	  0.01096
   0.8520	  0.01203
   0.8530	  0.01266
   0.8540	  0.01162
   0.8550	  0.00847
   0.8560	  0.01584
   0.8570	  0.00750
   0.8580	  0.01045
   0.8590	  0.01073
   0.8600	  0.00798
   0.8610	  0.01218
   0.8620	  0.00938
   0.8630	  0.00355
   0.8640	  0.01841
   0.8650	  0.01418
   0.8660	  0.01322
   0.8670	  0.01279
   0.8680	  0.00908
   0.8690	  0.00714
   0.8700	  0.00945
   0.8710	  0.00893
   0.8720	  0.00681
   0.8730	  0.00435
   0.8740	  0.01045
   0.8750	  0.00938
   0.8760	  0.01310
   0.8770	  0.01149
   0.8780	  0.01248
   0.8790	  0.01146
   0.8800	  0.00536
   0.8810	  0.01189
   0.8820	  0.00496
   0.8830	  0.00952
   0.8840	  0.01375
   0.8850	  0.01037
   0.8860	  0.01033
   0.8870	  0.00894
   0.8880	  0.01082
   0.8890	  0.00793
   0.8900	  0.00707
   0.8910	  0.00932
   0.8920	  0.00857
   0.8930	  0.01308
   0.8940	  0.01206
   0.8950	  0.00415
   0.8960	  0.01769
   0.8970	  0.00806
   0.8980	  0.01109
   0.8990	  0.00724
   0.9000	  0.00709
   0.9010	  0.00760
   0.9020	  0.00820
   0.9030	  0.00880
   0.9040	  0.00788
   0.9050	  0.01614
   0.9060	  0.00465
   0.9070	  0.00567
   0.9080	  0.00600
   0.9090	  0.01203
   0.9100	  0.00529
   0.9110	  0.00929
   0.9120	  0.01047
   0.9130	  0.01096
   0.9140	  0.01110
   0.9150	  0.01371
   0.9160	  0.01327
   0.9170	  0.01582
   0.9180	  0.01231
   0.9190	  0.02636
   0.9200	  0.01896
   0.9210	  0.01449
   0.9220	  0.01728
   0.9230	  0.02026
   0.9240	  0.02200
   0.9250	  0.01991
   0.9260	  0.01548
   0.9270	  0.01225
   0.9280	  0.01750
   0.9290	  0.00742
   0.9300	  0.01120
   0.9310	  0.01210
   0.9320	  0.01015
   0.9330	  0.01647
   0.9340	  0.01791
   0.9350	  0.01328
   0.9360	  0.01184
   0.9370	  0.01221
   0.9380	  0.01309
   0.9390	  0.01884
   0.9400	  0.01321
   0.9410	  0.00789
   0.9420	  0.00781
   0.9430	  0.00771
   0.9440	  0.00693
   0.9450	  0.00689
   0.9460	  0.00689
   0.9470	  0.00745
   0.9480	  0.00899
   0.9490	  0.01034
   0.9500	  0.01265
   0.9510	  0.01229
   0.9520	  0.01286
   0.9530	  0.01092
   0.9540	  0.01397
   0.9550	  0.00754
   0.9560	  0.00923
   0.9570	  0.00871
   0.9580	  0.00798
   0.9590	  0.00516
   0.9600	  0.00561
   0.9610	  0.00576
   0.9620	  0.01070
   0.9630	  0.00587
   0.9640	  0.01421
   0.9650	  0.00833
   0.9660	  0.00547
   0.9670	  0.00662
   0.9680	  0.01010
   0.9690	  0.00445
   0.9700	  0.00380
   0.9710	  0.00389
   0.9720	  0.00311
   0.9730	 -0.00082
   0.9740	  0.00272
   0.9750	  0.00030
   0.9760	  0.00203
   0.9770	  0.00408
   0.9780	  0.00354
   0.9790	  0.00317
   0.9800	 -0.00074
   0.9810	  0.00899
   0.9820	  0.00079
   0.9830	  0.00131
   0.9840	  0.00808
   0.9850	  0.00964
   0.9860	  0.00627
   0.9870	  0.00610
   0.9880	  0.00382
   0.9890	  0.00176
   0.9900	  0.00456
   0.9910	  0.00619
   0.9920	  0.00883
   0.9930	  0.00952
   0.9940	  0.01184
   0.9950	  0.01297
   0.9960	  0.01462
   0.9970	  0.01514
   0.9980	  0.02070
   0.9990	  0.01582
   1.0000	  0.01898
