## Jackknife output: chrom 19
## Bin(cM)	Covariance
   0.0010	  0.06417
   0.0020	  0.11432
   0.0030	  0.12311
   0.0040	  0.12399
   0.0050	  0.12261
   0.0060	  0.11363
   0.0070	  0.11266
   0.0080	  0.11139
   0.0090	  0.11795
   0.0100	  0.11806
   0.0110	  0.10996
   0.0120	  0.09810
   0.0130	  0.10931
   0.0140	  0.10097
   0.0150	  0.09319
   0.0160	  0.09347
   0.0170	  0.09164
   0.0180	  0.09045
   0.0190	  0.08891
   0.0200	  0.09046
   0.0210	  0.08943
   0.0220	  0.09370
   0.0230	  0.08799
   0.0240	  0.09835
   0.0250	  0.09413
   0.0260	  0.10805
   0.0270	  0.10110
   0.0280	  0.09112
   0.0290	  0.09229
   0.0300	  0.08865
   0.0310	  0.09153
   0.0320	  0.09396
   0.0330	  0.09387
   0.0340	  0.08933
   0.0350	  0.08540
   0.0360	  0.08986
   0.0370	  0.08615
   0.0380	  0.08903
   0.0390	  0.08505
   0.0400	  0.08987
   0.0410	  0.09773
   0.0420	  0.09059
   0.0430	  0.08634
   0.0440	  0.08723
   0.0450	  0.09061
   0.0460	  0.09930
   0.0470	  0.09289
   0.0480	  0.08581
   0.0490	  0.10141
   0.0500	  0.09419
   0.0510	  0.08212
   0.0520	  0.08535
   0.0530	  0.07939
   0.0540	  0.08030
   0.0550	  0.07889
   0.0560	  0.07507
   0.0570	  0.07978
   0.0580	  0.08451
   0.0590	  0.08593
   0.0600	  0.08565
   0.0610	  0.08393
   0.0620	  0.08038
   0.0630	  0.08409
   0.0640	  0.07685
   0.0650	  0.07919
   0.0660	  0.06380
   0.0670	  0.06274
   0.0680	  0.06030
   0.0690	  0.07089
   0.0700	  0.08013
   0.0710	  0.08018
   0.0720	  0.08254
   0.0730	  0.07781
   0.0740	  0.07256
   0.0750	  0.07533
   0.0760	  0.07466
   0.0770	  0.06929
   0.0780	  0.08168
   0.0790	  0.09228
   0.0800	  0.08738
   0.0810	  0.08875
   0.0820	  0.07661
   0.0830	  0.08034
   0.0840	  0.08193
   0.0850	  0.08507
   0.0860	  0.07373
   0.0870	  0.06859
   0.0880	  0.07014
   0.0890	  0.06273
   0.0900	  0.07294
   0.0910	  0.08001
   0.0920	  0.07219
   0.0930	  0.06218
   0.0940	  0.07096
   0.0950	  0.07994
   0.0960	  0.08064
   0.0970	  0.06893
   0.0980	  0.06197
   0.0990	  0.05974
   0.1000	  0.06631
   0.1010	  0.06874
   0.1020	  0.06112
   0.1030	  0.06440
   0.1040	  0.07743
   0.1050	  0.06537
   0.1060	  0.06851
   0.1070	  0.07190
   0.1080	  0.06361
   0.1090	  0.06525
   0.1100	  0.06561
   0.1110	  0.06508
   0.1120	  0.06380
   0.1130	  0.06263
   0.1140	  0.06254
   0.1150	  0.05580
   0.1160	  0.06300
   0.1170	  0.06060
   0.1180	  0.07085
   0.1190	  0.07174
   0.1200	  0.07648
   0.1210	  0.07558
   0.1220	  0.07340
   0.1230	  0.08165
   0.1240	  0.07927
   0.1250	  0.07080
   0.1260	  0.07360
   0.1270	  0.07518
   0.1280	  0.07836
   0.1290	  0.08143
   0.1300	  0.09144
   0.1310	  0.08621
   0.1320	  0.09241
   0.1330	  0.09482
   0.1340	  0.09384
   0.1350	  0.07552
   0.1360	  0.07265
   0.1370	  0.06034
   0.1380	  0.05958
   0.1390	  0.06740
   0.1400	  0.06515
   0.1410	  0.06524
   0.1420	  0.06507
   0.1430	  0.05782
   0.1440	  0.06142
   0.1450	  0.06687
   0.1460	  0.05896
   0.1470	  0.06138
   0.1480	  0.05245
   0.1490	  0.06677
   0.1500	  0.06015
   0.1510	  0.06169
   0.1520	  0.06417
   0.1530	  0.06041
   0.1540	  0.06173
   0.1550	  0.05582
   0.1560	  0.05328
   0.1570	  0.05570
   0.1580	  0.04670
   0.1590	  0.04976
   0.1600	  0.04772
   0.1610	  0.05268
   0.1620	  0.05250
   0.1630	  0.05280
   0.1640	  0.05595
   0.1650	  0.05991
   0.1660	  0.05713
   0.1670	  0.07026
   0.1680	  0.06693
   0.1690	  0.06249
   0.1700	  0.06257
   0.1710	  0.05591
   0.1720	  0.06045
   0.1730	  0.05843
   0.1740	  0.05772
   0.1750	  0.05262
   0.1760	  0.05739
   0.1770	  0.05215
   0.1780	  0.05632
   0.1790	  0.05389
   0.1800	  0.06268
   0.1810	  0.06294
   0.1820	  0.05244
   0.1830	  0.05445
   0.1840	  0.04877
   0.1850	  0.05649
   0.1860	  0.05878
   0.1870	  0.05641
   0.1880	  0.05265
   0.1890	  0.05816
   0.1900	  0.06209
   0.1910	  0.05332
   0.1920	  0.04911
   0.1930	  0.05251
   0.1940	  0.04998
   0.1950	  0.04702
   0.1960	  0.04450
   0.1970	  0.04084
   0.1980	  0.05064
   0.1990	  0.05321
   0.2000	  0.04450
   0.2010	  0.03713
   0.2020	  0.04704
   0.2030	  0.04900
   0.2040	  0.04937
   0.2050	  0.05071
   0.2060	  0.05529
   0.2070	  0.06174
   0.2080	  0.06555
   0.2090	  0.06026
   0.2100	  0.06540
   0.2110	  0.07625
   0.2120	  0.07729
   0.2130	  0.06179
   0.2140	  0.06141
   0.2150	  0.05534
   0.2160	  0.05217
   0.2170	  0.04513
   0.2180	  0.04308
   0.2190	  0.04905
   0.2200	  0.05416
   0.2210	  0.04374
   0.2220	  0.04572
   0.2230	  0.04647
   0.2240	  0.04493
   0.2250	  0.05054
   0.2260	  0.04853
   0.2270	  0.04455
   0.2280	  0.04588
   0.2290	  0.03966
   0.2300	  0.03677
   0.2310	  0.04111
   0.2320	  0.03979
   0.2330	  0.04092
   0.2340	  0.05002
   0.2350	  0.04791
   0.2360	  0.04654
   0.2370	  0.04992
   0.2380	  0.05867
   0.2390	  0.05751
   0.2400	  0.06215
   0.2410	  0.06077
   0.2420	  0.07647
   0.2430	  0.05822
   0.2440	  0.05302
   0.2450	  0.04909
   0.2460	  0.05060
   0.2470	  0.06070
   0.2480	  0.05541
   0.2490	  0.05749
   0.2500	  0.05003
   0.2510	  0.05321
   0.2520	  0.05650
   0.2530	  0.05147
   0.2540	  0.05045
   0.2550	  0.03983
   0.2560	  0.03604
   0.2570	  0.04108
   0.2580	  0.03977
   0.2590	  0.04069
   0.2600	  0.03728
   0.2610	  0.04066
   0.2620	  0.03412
   0.2630	  0.03203
   0.2640	  0.02992
   0.2650	  0.03412
   0.2660	  0.02881
   0.2670	  0.02915
   0.2680	  0.03386
   0.2690	  0.03247
   0.2700	  0.03689
   0.2710	  0.03380
   0.2720	  0.03584
   0.2730	  0.02697
   0.2740	  0.03530
   0.2750	  0.03958
   0.2760	  0.04558
   0.2770	  0.03835
   0.2780	  0.04641
   0.2790	  0.04715
   0.2800	  0.05073
   0.2810	  0.04293
   0.2820	  0.04512
   0.2830	  0.04479
   0.2840	  0.05590
   0.2850	  0.05696
   0.2860	  0.04794
   0.2870	  0.04012
   0.2880	  0.04379
   0.2890	  0.04790
   0.2900	  0.04522
   0.2910	  0.03695
   0.2920	  0.04012
   0.2930	  0.03447
   0.2940	  0.02875
   0.2950	  0.03414
   0.2960	  0.02983
   0.2970	  0.03220
   0.2980	  0.03982
   0.2990	  0.03447
   0.3000	  0.02921
   0.3010	  0.03795
   0.3020	  0.03532
   0.3030	  0.03598
   0.3040	  0.03021
   0.3050	  0.03325
   0.3060	  0.03884
   0.3070	  0.03622
   0.3080	  0.03173
   0.3090	  0.02938
   0.3100	  0.04172
   0.3110	  0.04238
   0.3120	  0.03328
   0.3130	  0.03708
   0.3140	  0.03236
   0.3150	  0.03591
   0.3160	  0.03936
   0.3170	  0.04009
   0.3180	  0.04646
   0.3190	  0.05081
   0.3200	  0.05252
   0.3210	  0.06221
   0.3220	  0.07156
   0.3230	  0.06186
   0.3240	  0.05282
   0.3250	  0.05971
   0.3260	  0.05754
   0.3270	  0.04888
   0.3280	  0.04469
   0.3290	  0.04636
   0.3300	  0.04473
   0.3310	  0.03498
   0.3320	  0.04798
   0.3330	  0.04015
   0.3340	  0.03326
   0.3350	  0.03220
   0.3360	  0.03061
   0.3370	  0.03246
   0.3380	  0.02976
   0.3390	  0.02725
   0.3400	  0.03337
   0.3410	  0.03087
   0.3420	  0.02868
   0.3430	  0.02353
   0.3440	  0.02835
   0.3450	  0.03019
   0.3460	  0.03964
   0.3470	  0.02736
   0.3480	  0.02541
   0.3490	  0.03290
   0.3500	  0.03172
   0.3510	  0.02736
   0.3520	  0.03166
   0.3530	  0.03128
   0.3540	  0.03496
   0.3550	  0.03259
   0.3560	  0.03092
   0.3570	  0.03081
   0.3580	  0.02747
   0.3590	  0.02809
   0.3600	  0.02555
   0.3610	  0.02664
   0.3620	  0.02992
   0.3630	  0.03161
   0.3640	  0.03017
   0.3650	  0.03376
   0.3660	  0.02991
   0.3670	  0.02654
   0.3680	  0.02859
   0.3690	  0.03208
   0.3700	  0.03404
   0.3710	  0.04040
   0.3720	  0.02925
   0.3730	  0.03396
   0.3740	  0.03065
   0.3750	  0.03135
   0.3760	  0.03593
   0.3770	  0.03376
   0.3780	  0.03917
   0.3790	  0.04017
   0.3800	  0.03234
   0.3810	  0.03585
   0.3820	  0.03415
   0.3830	  0.03492
   0.3840	  0.04079
   0.3850	  0.03628
   0.3860	  0.03594
   0.3870	  0.03604
   0.3880	  0.03822
   0.3890	  0.03287
   0.3900	  0.02808
   0.3910	  0.03373
   0.3920	  0.03666
   0.3930	  0.02631
   0.3940	  0.02448
   0.3950	  0.03102
   0.3960	  0.03253
   0.3970	  0.03607
   0.3980	  0.03462
   0.3990	  0.04643
   0.4000	  0.03696
   0.4010	  0.04468
   0.4020	  0.03844
   0.4030	  0.03520
   0.4040	  0.03306
   0.4050	  0.03145
   0.4060	  0.02819
   0.4070	  0.02665
   0.4080	  0.03581
   0.4090	  0.03280
   0.4100	  0.03124
   0.4110	  0.02733
   0.4120	  0.02961
   0.4130	  0.02246
   0.4140	  0.02297
   0.4150	  0.02769
   0.4160	  0.02824
   0.4170	  0.01997
   0.4180	  0.02045
   0.4190	  0.01977
   0.4200	  0.02114
   0.4210	  0.02516
   0.4220	  0.02428
   0.4230	  0.02491
   0.4240	  0.03590
   0.4250	  0.02888
   0.4260	  0.02383
   0.4270	  0.03024
   0.4280	  0.02942
   0.4290	  0.03111
   0.4300	  0.03158
   0.4310	  0.03651
   0.4320	  0.03910
   0.4330	  0.04088
   0.4340	  0.03761
   0.4350	  0.04287
   0.4360	  0.03573
   0.4370	  0.03313
   0.4380	  0.02908
   0.4390	  0.02781
   0.4400	  0.02636
   0.4410	  0.02813
   0.4420	  0.02579
   0.4430	  0.02412
   0.4440	  0.02477
   0.4450	  0.02475
   0.4460	  0.02985
   0.4470	  0.03037
   0.4480	  0.03076
   0.4490	  0.02600
   0.4500	  0.03029
   0.4510	  0.02989
   0.4520	  0.02806
   0.4530	  0.02687
   0.4540	  0.02121
   0.4550	  0.02239
   0.4560	  0.03021
   0.4570	  0.03362
   0.4580	  0.02110
   0.4590	  0.02439
   0.4600	  0.02863
   0.4610	  0.03241
   0.4620	  0.02455
   0.4630	  0.02209
   0.4640	  0.02332
   0.4650	  0.02546
   0.4660	  0.02641
   0.4670	  0.02496
   0.4680	  0.02589
   0.4690	  0.02541
   0.4700	  0.02982
   0.4710	  0.02902
   0.4720	  0.03361
   0.4730	  0.02880
   0.4740	  0.03286
   0.4750	  0.02472
   0.4760	  0.02080
   0.4770	  0.01946
   0.4780	  0.02241
   0.4790	  0.01908
   0.4800	  0.02289
   0.4810	  0.02215
   0.4820	  0.02306
   0.4830	  0.02542
   0.4840	  0.02369
   0.4850	  0.02678
   0.4860	  0.02707
   0.4870	  0.02469
   0.4880	  0.02213
   0.4890	  0.02484
   0.4900	  0.01862
   0.4910	  0.02778
   0.4920	  0.02408
   0.4930	  0.01932
   0.4940	  0.02052
   0.4950	  0.01844
   0.4960	  0.01425
   0.4970	  0.01689
   0.4980	  0.01497
   0.4990	  0.01089
   0.5000	  0.01524
   0.5010	  0.01838
   0.5020	  0.02024
   0.5030	  0.02054
   0.5040	  0.02155
   0.5050	  0.02265
   0.5060	  0.02411
   0.5070	  0.02913
   0.5080	  0.02279
   0.5090	  0.01852
   0.5100	  0.01787
   0.5110	  0.02180
   0.5120	  0.02033
   0.5130	  0.02023
   0.5140	  0.02310
   0.5150	  0.02843
   0.5160	  0.02745
   0.5170	  0.01553
   0.5180	  0.02296
   0.5190	  0.02229
   0.5200	  0.02085
   0.5210	  0.02413
   0.5220	  0.02063
   0.5230	  0.01947
   0.5240	  0.02045
   0.5250	  0.01685
   0.5260	  0.01545
   0.5270	  0.01445
   0.5280	  0.01268
   0.5290	  0.01655
   0.5300	  0.01840
   0.5310	  0.03035
   0.5320	  0.03440
   0.5330	  0.02541
   0.5340	  0.02728
   0.5350	  0.02497
   0.5360	  0.02231
   0.5370	  0.01989
   0.5380	  0.01943
   0.5390	  0.01727
   0.5400	  0.02334
   0.5410	  0.02204
   0.5420	  0.02192
   0.5430	  0.01706
   0.5440	  0.01958
   0.5450	  0.01760
   0.5460	  0.01310
   0.5470	  0.01613
   0.5480	  0.01214
   0.5490	  0.00844
   0.5500	  0.01011
   0.5510	  0.00856
   0.5520	  0.00858
   0.5530	  0.01306
   0.5540	  0.01151
   0.5550	  0.01683
   0.5560	  0.01492
   0.5570	  0.01524
   0.5580	  0.01285
   0.5590	  0.01336
   0.5600	  0.01632
   0.5610	  0.01119
   0.5620	  0.00911
   0.5630	  0.00977
   0.5640	  0.00979
   0.5650	  0.01069
   0.5660	  0.01392
   0.5670	  0.01866
   0.5680	  0.01611
   0.5690	  0.01862
   0.5700	  0.02298
   0.5710	  0.01985
   0.5720	  0.01948
   0.5730	  0.02084
   0.5740	  0.02255
   0.5750	  0.01589
   0.5760	  0.01864
   0.5770	  0.01586
   0.5780	  0.01065
   0.5790	  0.01571
   0.5800	  0.01509
   0.5810	  0.01014
   0.5820	  0.00461
   0.5830	  0.00883
   0.5840	  0.00830
   0.5850	  0.00885
   0.5860	  0.00968
   0.5870	  0.01211
   0.5880	  0.01271
   0.5890	  0.00773
   0.5900	  0.01768
   0.5910	  0.01487
   0.5920	  0.01143
   0.5930	  0.01765
   0.5940	  0.01512
   0.5950	  0.00879
   0.5960	  0.00995
   0.5970	  0.00994
   0.5980	  0.01055
   0.5990	  0.00339
   0.6000	  0.00566
   0.6010	  0.00533
   0.6020	  0.00688
   0.6030	  0.01037
   0.6040	  0.00818
   0.6050	  0.00950
   0.6060	  0.00607
   0.6070	  0.00995
   0.6080	  0.01406
   0.6090	  0.01397
   0.6100	  0.01624
   0.6110	  0.01949
   0.6120	  0.01471
   0.6130	  0.01390
   0.6140	  0.01763
   0.6150	  0.01866
   0.6160	  0.02073
   0.6170	  0.01871
   0.6180	  0.01563
   0.6190	  0.01473
   0.6200	  0.01285
   0.6210	  0.01077
   0.6220	  0.01034
   0.6230	  0.01037
   0.6240	  0.01222
   0.6250	  0.01180
   0.6260	  0.00981
   0.6270	  0.01268
   0.6280	  0.00996
   0.6290	  0.00792
   0.6300	  0.00949
   0.6310	  0.00929
   0.6320	  0.00701
   0.6330	  0.00534
   0.6340	  0.00910
   0.6350	  0.01343
   0.6360	  0.01103
   0.6370	  0.00529
   0.6380	  0.01266
   0.6390	  0.01667
   0.6400	  0.01862
   0.6410	  0.01672
   0.6420	  0.01861
   0.6430	  0.01387
   0.6440	  0.01066
   0.6450	  0.01365
   0.6460	  0.01390
   0.6470	  0.01210
   0.6480	  0.01573
   0.6490	  0.01053
   0.6500	  0.01616
   0.6510	  0.02206
   0.6520	  0.02097
   0.6530	  0.01650
   0.6540	  0.01580
   0.6550	  0.01718
   0.6560	  0.01331
   0.6570	  0.01130
   0.6580	  0.00680
   0.6590	  0.01021
   0.6600	  0.01172
   0.6610	  0.01274
   0.6620	  0.01054
   0.6630	  0.00764
   0.6640	  0.00319
   0.6650	  0.00473
   0.6660	  0.00555
   0.6670	  0.00907
   0.6680	  0.00802
   0.6690	  0.01436
   0.6700	  0.01621
   0.6710	  0.01938
   0.6720	  0.01985
   0.6730	  0.01399
   0.6740	  0.01505
   0.6750	  0.00940
   0.6760	  0.01226
   0.6770	  0.00894
   0.6780	  0.01304
   0.6790	  0.01485
   0.6800	  0.01017
   0.6810	  0.00920
   0.6820	  0.00563
   0.6830	  0.00895
   0.6840	  0.00793
   0.6850	  0.01523
   0.6860	  0.01266
   0.6870	  0.01371
   0.6880	  0.01258
   0.6890	  0.01033
   0.6900	  0.00952
   0.6910	  0.01142
   0.6920	  0.01546
   0.6930	  0.01034
   0.6940	  0.01106
   0.6950	  0.01525
   0.6960	  0.00864
   0.6970	  0.01092
   0.6980	  0.01496
   0.6990	  0.01516
   0.7000	  0.01207
   0.7010	  0.00956
   0.7020	  0.00798
   0.7030	  0.00646
   0.7040	  0.00994
   0.7050	  0.00602
   0.7060	  0.00727
   0.7070	  0.00850
   0.7080	  0.01216
   0.7090	  0.01109
   0.7100	  0.00847
   0.7110	  0.00819
   0.7120	  0.01482
   0.7130	  0.01388
   0.7140	  0.01952
   0.7150	  0.01578
   0.7160	  0.01810
   0.7170	  0.02421
   0.7180	  0.02949
   0.7190	  0.02182
   0.7200	  0.02001
   0.7210	  0.01338
   0.7220	  0.01335
   0.7230	  0.01510
   0.7240	  0.01870
   0.7250	  0.01944
   0.7260	  0.01802
   0.7270	  0.01871
   0.7280	  0.01731
   0.7290	  0.01543
   0.7300	  0.01317
   0.7310	  0.01392
   0.7320	  0.01291
   0.7330	  0.01624
   0.7340	  0.01028
   0.7350	  0.01020
   0.7360	  0.01220
   0.7370	  0.00742
   0.7380	  0.00566
   0.7390	  0.00860
   0.7400	  0.01046
   0.7410	  0.00850
   0.7420	  0.01083
   0.7430	  0.01022
   0.7440	  0.00734
   0.7450	  0.00750
   0.7460	  0.00873
   0.7470	  0.00682
   0.7480	  0.01210
   0.7490	  0.01046
   0.7500	  0.01402
   0.7510	  0.01324
   0.7520	  0.01757
   0.7530	  0.02049
   0.7540	  0.01652
   0.7550	  0.01243
   0.7560	  0.01064
   0.7570	  0.01240
   0.7580	  0.01121
   0.7590	  0.01326
   0.7600	  0.00838
   0.7610	  0.00884
   0.7620	  0.01370
   0.7630	  0.00995
   0.7640	  0.01060
   0.7650	  0.01023
   0.7660	  0.00736
   0.7670	  0.00909
   0.7680	  0.00856
   0.7690	  0.00860
   0.7700	  0.00946
   0.7710	  0.01014
   0.7720	  0.01113
   0.7730	  0.00868
   0.7740	  0.01032
   0.7750	  0.00771
   0.7760	  0.01658
   0.7770	  0.01289
   0.7780	  0.01096
   0.7790	  0.01441
   0.7800	  0.01510
   0.7810	  0.01873
   0.7820	  0.01898
   0.7830	  0.02416
   0.7840	  0.02217
   0.7850	  0.01917
   0.7860	  0.01369
   0.7870	  0.01696
   0.7880	  0.01399
   0.7890	  0.02108
   0.7900	  0.02220
   0.7910	  0.02278
   0.7920	  0.01692
   0.7930	  0.02505
   0.7940	  0.02404
   0.7950	  0.02657
   0.7960	  0.02166
   0.7970	  0.02433
   0.7980	  0.01541
   0.7990	  0.01914
   0.8000	  0.01661
   0.8010	  0.01581
   0.8020	  0.01412
   0.8030	  0.01392
   0.8040	  0.01326
   0.8050	  0.00754
   0.8060	  0.00967
   0.8070	  0.00830
   0.8080	  0.01183
   0.8090	  0.00801
   0.8100	  0.00842
   0.8110	  0.00873
   0.8120	  0.01242
   0.8130	  0.01173
   0.8140	  0.01445
   0.8150	  0.01393
   0.8160	  0.01470
   0.8170	  0.01101
   0.8180	  0.00844
   0.8190	  0.01151
   0.8200	  0.01858
   0.8210	  0.01326
   0.8220	  0.00843
   0.8230	  0.01089
   0.8240	  0.00988
   0.8250	  0.01514
   0.8260	  0.01238
   0.8270	  0.01631
   0.8280	  0.01658
   0.8290	  0.01722
   0.8300	  0.01327
   0.8310	  0.01053
   0.8320	  0.01429
   0.8330	  0.00975
   0.8340	  0.01258
   0.8350	  0.01233
   0.8360	  0.00563
   0.8370	  0.01090
   0.8380	  0.00779
   0.8390	  0.00434
   0.8400	  0.00393
   0.8410	  0.00209
   0.8420	  0.00366
   0.8430	  0.01078
   0.8440	  0.00508
   0.8450	  0.00486
   0.8460	  0.00425
   0.8470	  0.00959
   0.8480	  0.00445
   0.8490	  0.00514
   0.8500	  0.00677
   0.8510	  0.00919
   0.8520	  0.01150
   0.8530	  0.01037
   0.8540	  0.01021
   0.8550	  0.00558
   0.8560	  0.01199
   0.8570	  0.00517
   0.8580	  0.00789
   0.8590	  0.00883
   0.8600	  0.00599
   0.8610	  0.00976
   0.8620	  0.00686
   0.8630	  0.00198
   0.8640	  0.01648
   0.8650	  0.01248
   0.8660	  0.01094
   0.8670	  0.01148
   0.8680	  0.00668
   0.8690	  0.00484
   0.8700	  0.00578
   0.8710	  0.00585
   0.8720	  0.00387
   0.8730	  0.00214
   0.8740	  0.00820
   0.8750	  0.00880
   0.8760	  0.01177
   0.8770	  0.01058
   0.8780	  0.01105
   0.8790	  0.01010
   0.8800	  0.00261
   0.8810	  0.00893
   0.8820	  0.00247
   0.8830	  0.00734
   0.8840	  0.01140
   0.8850	  0.00797
   0.8860	  0.00906
   0.8870	  0.00796
   0.8880	  0.00961
   0.8890	  0.00761
   0.8900	  0.00594
   0.8910	  0.00947
   0.8920	  0.00812
   0.8930	  0.01022
   0.8940	  0.01013
   0.8950	  0.00255
   0.8960	  0.01471
   0.8970	  0.00614
   0.8980	  0.01002
   0.8990	  0.00612
   0.9000	  0.00493
   0.9010	  0.00727
   0.9020	  0.00726
   0.9030	  0.00909
   0.9040	  0.00725
   0.9050	  0.01450
   0.9060	  0.00445
   0.9070	  0.00527
   0.9080	  0.00438
   0.9090	  0.01038
   0.9100	  0.00435
   0.9110	  0.00763
   0.9120	  0.00879
   0.9130	  0.00999
   0.9140	  0.00882
   0.9150	  0.01160
   0.9160	  0.01186
   0.9170	  0.01418
   0.9180	  0.01109
   0.9190	  0.02401
   0.9200	  0.01728
   0.9210	  0.01334
   0.9220	  0.01617
   0.9230	  0.01983
   0.9240	  0.02020
   0.9250	  0.01775
   0.9260	  0.01413
   0.9270	  0.01099
   0.9280	  0.01455
   0.9290	  0.00492
   0.9300	  0.00768
   0.9310	  0.00825
   0.9320	  0.00699
   0.9330	  0.01299
   0.9340	  0.01485
   0.9350	  0.01082
   0.9360	  0.00965
   0.9370	  0.01047
   0.9380	  0.01131
   0.9390	  0.01654
   0.9400	  0.01134
   0.9410	  0.00683
   0.9420	  0.00712
   0.9430	  0.00693
   0.9440	  0.00588
   0.9450	  0.00594
   0.9460	  0.00598
   0.9470	  0.00690
   0.9480	  0.00833
   0.9490	  0.00946
   0.9500	  0.01156
   0.9510	  0.01125
   0.9520	  0.01154
   0.9530	  0.01015
   0.9540	  0.01263
   0.9550	  0.00616
   0.9560	  0.00809
   0.9570	  0.00764
   0.9580	  0.00676
   0.9590	  0.00440
   0.9600	  0.00476
   0.9610	  0.00517
   0.9620	  0.00914
   0.9630	  0.00477
   0.9640	  0.01291
   0.9650	  0.00732
   0.9660	  0.00460
   0.9670	  0.00573
   0.9680	  0.00912
   0.9690	  0.00388
   0.9700	  0.00323
   0.9710	  0.00310
   0.9720	  0.00218
   0.9730	 -0.00089
   0.9740	  0.00172
   0.9750	 -0.00009
   0.9760	  0.00192
   0.9770	  0.00382
   0.9780	  0.00304
   0.9790	  0.00282
   0.9800	 -0.00013
   0.9810	  0.00895
   0.9820	  0.00062
   0.9830	  0.00137
   0.9840	  0.00759
   0.9850	  0.00930
   0.9860	  0.00600
   0.9870	  0.00583
   0.9880	  0.00379
   0.9890	  0.00222
   0.9900	  0.00398
   0.9910	  0.00596
   0.9920	  0.00816
   0.9930	  0.00841
   0.9940	  0.01087
   0.9950	  0.01212
   0.9960	  0.01298
   0.9970	  0.01386
   0.9980	  0.01882
   0.9990	  0.01310
   1.0000	  0.01624
