## Jackknife output: chrom 9
## Bin(cM)	Covariance
   0.0010	  0.06123
   0.0020	  0.11116
   0.0030	  0.11792
   0.0040	  0.11843
   0.0050	  0.11912
   0.0060	  0.10872
   0.0070	  0.10542
   0.0080	  0.10529
   0.0090	  0.11318
   0.0100	  0.11438
   0.0110	  0.10770
   0.0120	  0.09610
   0.0130	  0.10825
   0.0140	  0.09997
   0.0150	  0.09048
   0.0160	  0.09148
   0.0170	  0.08858
   0.0180	  0.08714
   0.0190	  0.08661
   0.0200	  0.08811
   0.0210	  0.08841
   0.0220	  0.09350
   0.0230	  0.08555
   0.0240	  0.09545
   0.0250	  0.08984
   0.0260	  0.10521
   0.0270	  0.09937
   0.0280	  0.08864
   0.0290	  0.09053
   0.0300	  0.08609
   0.0310	  0.08927
   0.0320	  0.09195
   0.0330	  0.09114
   0.0340	  0.08656
   0.0350	  0.08213
   0.0360	  0.08591
   0.0370	  0.08384
   0.0380	  0.08651
   0.0390	  0.08204
   0.0400	  0.08911
   0.0410	  0.09644
   0.0420	  0.08977
   0.0430	  0.08527
   0.0440	  0.08710
   0.0450	  0.08948
   0.0460	  0.09718
   0.0470	  0.09033
   0.0480	  0.08295
   0.0490	  0.09789
   0.0500	  0.09108
   0.0510	  0.07889
   0.0520	  0.08166
   0.0530	  0.07553
   0.0540	  0.07696
   0.0550	  0.07462
   0.0560	  0.07118
   0.0570	  0.07608
   0.0580	  0.08280
   0.0590	  0.08418
   0.0600	  0.08486
   0.0610	  0.08201
   0.0620	  0.07493
   0.0630	  0.08148
   0.0640	  0.07474
   0.0650	  0.07603
   0.0660	  0.06287
   0.0670	  0.06112
   0.0680	  0.05977
   0.0690	  0.06820
   0.0700	  0.07513
   0.0710	  0.07525
   0.0720	  0.07938
   0.0730	  0.07138
   0.0740	  0.07084
   0.0750	  0.07393
   0.0760	  0.07266
   0.0770	  0.06638
   0.0780	  0.08060
   0.0790	  0.09157
   0.0800	  0.08707
   0.0810	  0.08618
   0.0820	  0.07511
   0.0830	  0.07886
   0.0840	  0.08141
   0.0850	  0.08473
   0.0860	  0.07391
   0.0870	  0.06977
   0.0880	  0.07002
   0.0890	  0.06163
   0.0900	  0.07287
   0.0910	  0.08031
   0.0920	  0.07211
   0.0930	  0.06038
   0.0940	  0.07082
   0.0950	  0.07781
   0.0960	  0.07911
   0.0970	  0.06673
   0.0980	  0.05974
   0.0990	  0.05883
   0.1000	  0.06580
   0.1010	  0.06548
   0.1020	  0.05785
   0.1030	  0.06322
   0.1040	  0.07592
   0.1050	  0.06481
   0.1060	  0.06702
   0.1070	  0.07038
   0.1080	  0.06127
   0.1090	  0.06383
   0.1100	  0.06359
   0.1110	  0.06418
   0.1120	  0.06321
   0.1130	  0.06065
   0.1140	  0.06062
   0.1150	  0.05198
   0.1160	  0.06011
   0.1170	  0.05834
   0.1180	  0.06934
   0.1190	  0.07125
   0.1200	  0.07495
   0.1210	  0.07501
   0.1220	  0.07266
   0.1230	  0.08052
   0.1240	  0.07710
   0.1250	  0.06958
   0.1260	  0.07383
   0.1270	  0.07447
   0.1280	  0.07887
   0.1290	  0.08250
   0.1300	  0.09051
   0.1310	  0.08673
   0.1320	  0.09324
   0.1330	  0.09255
   0.1340	  0.09339
   0.1350	  0.07299
   0.1360	  0.07025
   0.1370	  0.05830
   0.1380	  0.05992
   0.1390	  0.06675
   0.1400	  0.06427
   0.1410	  0.06369
   0.1420	  0.06415
   0.1430	  0.05670
   0.1440	  0.05980
   0.1450	  0.06517
   0.1460	  0.05666
   0.1470	  0.05720
   0.1480	  0.04907
   0.1490	  0.06374
   0.1500	  0.05703
   0.1510	  0.06003
   0.1520	  0.06214
   0.1530	  0.05890
   0.1540	  0.05872
   0.1550	  0.05409
   0.1560	  0.05072
   0.1570	  0.05386
   0.1580	  0.04543
   0.1590	  0.04877
   0.1600	  0.04679
   0.1610	  0.05111
   0.1620	  0.05188
   0.1630	  0.05072
   0.1640	  0.05387
   0.1650	  0.05820
   0.1660	  0.05376
   0.1670	  0.06640
   0.1680	  0.06416
   0.1690	  0.05934
   0.1700	  0.05998
   0.1710	  0.05339
   0.1720	  0.05673
   0.1730	  0.05309
   0.1740	  0.05385
   0.1750	  0.04801
   0.1760	  0.05413
   0.1770	  0.04858
   0.1780	  0.05380
   0.1790	  0.05052
   0.1800	  0.05980
   0.1810	  0.06107
   0.1820	  0.04985
   0.1830	  0.05041
   0.1840	  0.04643
   0.1850	  0.05593
   0.1860	  0.05525
   0.1870	  0.05427
   0.1880	  0.05078
   0.1890	  0.05682
   0.1900	  0.05965
   0.1910	  0.04918
   0.1920	  0.04523
   0.1930	  0.04836
   0.1940	  0.04681
   0.1950	  0.04351
   0.1960	  0.04085
   0.1970	  0.03885
   0.1980	  0.04867
   0.1990	  0.05098
   0.2000	  0.04240
   0.2010	  0.03488
   0.2020	  0.04566
   0.2030	  0.04632
   0.2040	  0.04620
   0.2050	  0.04732
   0.2060	  0.05317
   0.2070	  0.05743
   0.2080	  0.06213
   0.2090	  0.05824
   0.2100	  0.06392
   0.2110	  0.07443
   0.2120	  0.07636
   0.2130	  0.05976
   0.2140	  0.05937
   0.2150	  0.05262
   0.2160	  0.04880
   0.2170	  0.04285
   0.2180	  0.04014
   0.2190	  0.04721
   0.2200	  0.05199
   0.2210	  0.04237
   0.2220	  0.04292
   0.2230	  0.04584
   0.2240	  0.04362
   0.2250	  0.05031
   0.2260	  0.04896
   0.2270	  0.04394
   0.2280	  0.04425
   0.2290	  0.03813
   0.2300	  0.03524
   0.2310	  0.04003
   0.2320	  0.03800
   0.2330	  0.03776
   0.2340	  0.04511
   0.2350	  0.04517
   0.2360	  0.04185
   0.2370	  0.04243
   0.2380	  0.05443
   0.2390	  0.05341
   0.2400	  0.05738
   0.2410	  0.05546
   0.2420	  0.06887
   0.2430	  0.05435
   0.2440	  0.04689
   0.2450	  0.04300
   0.2460	  0.04624
   0.2470	  0.05661
   0.2480	  0.05391
   0.2490	  0.05518
   0.2500	  0.04673
   0.2510	  0.05127
   0.2520	  0.05455
   0.2530	  0.05102
   0.2540	  0.04781
   0.2550	  0.03677
   0.2560	  0.03167
   0.2570	  0.03795
   0.2580	  0.03639
   0.2590	  0.03972
   0.2600	  0.03480
   0.2610	  0.03806
   0.2620	  0.03185
   0.2630	  0.02922
   0.2640	  0.02756
   0.2650	  0.03251
   0.2660	  0.02721
   0.2670	  0.02671
   0.2680	  0.03051
   0.2690	  0.02983
   0.2700	  0.03392
   0.2710	  0.02856
   0.2720	  0.03325
   0.2730	  0.02363
   0.2740	  0.03130
   0.2750	  0.03741
   0.2760	  0.04270
   0.2770	  0.03614
   0.2780	  0.04539
   0.2790	  0.04690
   0.2800	  0.04984
   0.2810	  0.04174
   0.2820	  0.04303
   0.2830	  0.04351
   0.2840	  0.05574
   0.2850	  0.05640
   0.2860	  0.04663
   0.2870	  0.03895
   0.2880	  0.04218
   0.2890	  0.04560
   0.2900	  0.04210
   0.2910	  0.03453
   0.2920	  0.03732
   0.2930	  0.03176
   0.2940	  0.02680
   0.2950	  0.02878
   0.2960	  0.02643
   0.2970	  0.02778
   0.2980	  0.03342
   0.2990	  0.03008
   0.3000	  0.02347
   0.3010	  0.03214
   0.3020	  0.03172
   0.3030	  0.03319
   0.3040	  0.02800
   0.3050	  0.03049
   0.3060	  0.03480
   0.3070	  0.03282
   0.3080	  0.02994
   0.3090	  0.02623
   0.3100	  0.03770
   0.3110	  0.04040
   0.3120	  0.03021
   0.3130	  0.03411
   0.3140	  0.03001
   0.3150	  0.03474
   0.3160	  0.03754
   0.3170	  0.03822
   0.3180	  0.04247
   0.3190	  0.04718
   0.3200	  0.05062
   0.3210	  0.06016
   0.3220	  0.06987
   0.3230	  0.05900
   0.3240	  0.04921
   0.3250	  0.05608
   0.3260	  0.05204
   0.3270	  0.04254
   0.3280	  0.04198
   0.3290	  0.04239
   0.3300	  0.03930
   0.3310	  0.03200
   0.3320	  0.04436
   0.3330	  0.03532
   0.3340	  0.02775
   0.3350	  0.02579
   0.3360	  0.02699
   0.3370	  0.02706
   0.3380	  0.02490
   0.3390	  0.02384
   0.3400	  0.02860
   0.3410	  0.02675
   0.3420	  0.02505
   0.3430	  0.02000
   0.3440	  0.02364
   0.3450	  0.02508
   0.3460	  0.03373
   0.3470	  0.02147
   0.3480	  0.02151
   0.3490	  0.02953
   0.3500	  0.02490
   0.3510	  0.02218
   0.3520	  0.02500
   0.3530	  0.02406
   0.3540	  0.02923
   0.3550	  0.02601
   0.3560	  0.02517
   0.3570	  0.02478
   0.3580	  0.02066
   0.3590	  0.02201
   0.3600	  0.01970
   0.3610	  0.02284
   0.3620	  0.02621
   0.3630	  0.02928
   0.3640	  0.02676
   0.3650	  0.02885
   0.3660	  0.02709
   0.3670	  0.02222
   0.3680	  0.02537
   0.3690	  0.02943
   0.3700	  0.03060
   0.3710	  0.03743
   0.3720	  0.02556
   0.3730	  0.02975
   0.3740	  0.02557
   0.3750	  0.02764
   0.3760	  0.03193
   0.3770	  0.02998
   0.3780	  0.03528
   0.3790	  0.03627
   0.3800	  0.02774
   0.3810	  0.02922
   0.3820	  0.02995
   0.3830	  0.03114
   0.3840	  0.03646
   0.3850	  0.03354
   0.3860	  0.03006
   0.3870	  0.03057
   0.3880	  0.03257
   0.3890	  0.02852
   0.3900	  0.02145
   0.3910	  0.02646
   0.3920	  0.03218
   0.3930	  0.02345
   0.3940	  0.02087
   0.3950	  0.02732
   0.3960	  0.02712
   0.3970	  0.03300
   0.3980	  0.02988
   0.3990	  0.03931
   0.4000	  0.03274
   0.4010	  0.04197
   0.4020	  0.03329
   0.4030	  0.03243
   0.4040	  0.03161
   0.4050	  0.03019
   0.4060	  0.02499
   0.4070	  0.02472
   0.4080	  0.03415
   0.4090	  0.03068
   0.4100	  0.03049
   0.4110	  0.02630
   0.4120	  0.02873
   0.4130	  0.02022
   0.4140	  0.02049
   0.4150	  0.02592
   0.4160	  0.02586
   0.4170	  0.01736
   0.4180	  0.01592
   0.4190	  0.01682
   0.4200	  0.01755
   0.4210	  0.02149
   0.4220	  0.02174
   0.4230	  0.02137
   0.4240	  0.03279
   0.4250	  0.02655
   0.4260	  0.02102
   0.4270	  0.02928
   0.4280	  0.02829
   0.4290	  0.03000
   0.4300	  0.03071
   0.4310	  0.03614
   0.4320	  0.03903
   0.4330	  0.04087
   0.4340	  0.03735
   0.4350	  0.04293
   0.4360	  0.03498
   0.4370	  0.03261
   0.4380	  0.02786
   0.4390	  0.02690
   0.4400	  0.02320
   0.4410	  0.02567
   0.4420	  0.02528
   0.4430	  0.02250
   0.4440	  0.02194
   0.4450	  0.02230
   0.4460	  0.02735
   0.4470	  0.02522
   0.4480	  0.02805
   0.4490	  0.02497
   0.4500	  0.02978
   0.4510	  0.03074
   0.4520	  0.02904
   0.4530	  0.02610
   0.4540	  0.02051
   0.4550	  0.02173
   0.4560	  0.03027
   0.4570	  0.03141
   0.4580	  0.01909
   0.4590	  0.02295
   0.4600	  0.02606
   0.4610	  0.02794
   0.4620	  0.02260
   0.4630	  0.01895
   0.4640	  0.02120
   0.4650	  0.02240
   0.4660	  0.02206
   0.4670	  0.02083
   0.4680	  0.02192
   0.4690	  0.02098
   0.4700	  0.02691
   0.4710	  0.02365
   0.4720	  0.02876
   0.4730	  0.02391
   0.4740	  0.02634
   0.4750	  0.01673
   0.4760	  0.01478
   0.4770	  0.01423
   0.4780	  0.01403
   0.4790	  0.01031
   0.4800	  0.01597
   0.4810	  0.01644
   0.4820	  0.01806
   0.4830	  0.01925
   0.4840	  0.01682
   0.4850	  0.02227
   0.4860	  0.02229
   0.4870	  0.02117
   0.4880	  0.01732
   0.4890	  0.02211
   0.4900	  0.01580
   0.4910	  0.02412
   0.4920	  0.02110
   0.4930	  0.01483
   0.4940	  0.01477
   0.4950	  0.01608
   0.4960	  0.01170
   0.4970	  0.01470
   0.4980	  0.01247
   0.4990	  0.00846
   0.5000	  0.01321
   0.5010	  0.01573
   0.5020	  0.01707
   0.5030	  0.01545
   0.5040	  0.01878
   0.5050	  0.01956
   0.5060	  0.01923
   0.5070	  0.02333
   0.5080	  0.01801
   0.5090	  0.01419
   0.5100	  0.01392
   0.5110	  0.01806
   0.5120	  0.01527
   0.5130	  0.01495
   0.5140	  0.02019
   0.5150	  0.02478
   0.5160	  0.02202
   0.5170	  0.01337
   0.5180	  0.01956
   0.5190	  0.01883
   0.5200	  0.01792
   0.5210	  0.02027
   0.5220	  0.01634
   0.5230	  0.01577
   0.5240	  0.01574
   0.5250	  0.01285
   0.5260	  0.01155
   0.5270	  0.01095
   0.5280	  0.01088
   0.5290	  0.01324
   0.5300	  0.01588
   0.5310	  0.02705
   0.5320	  0.02877
   0.5330	  0.02113
   0.5340	  0.02374
   0.5350	  0.02040
   0.5360	  0.01865
   0.5370	  0.01516
   0.5380	  0.01671
   0.5390	  0.01354
   0.5400	  0.02002
   0.5410	  0.01874
   0.5420	  0.01882
   0.5430	  0.01320
   0.5440	  0.01574
   0.5450	  0.01413
   0.5460	  0.00945
   0.5470	  0.01243
   0.5480	  0.00972
   0.5490	  0.00597
   0.5500	  0.00741
   0.5510	  0.00566
   0.5520	  0.00612
   0.5530	  0.01067
   0.5540	  0.00764
   0.5550	  0.01272
   0.5560	  0.01239
   0.5570	  0.01382
   0.5580	  0.01046
   0.5590	  0.01143
   0.5600	  0.01393
   0.5610	  0.00968
   0.5620	  0.00899
   0.5630	  0.00753
   0.5640	  0.00933
   0.5650	  0.01042
   0.5660	  0.01187
   0.5670	  0.01722
   0.5680	  0.01503
   0.5690	  0.01647
   0.5700	  0.02139
   0.5710	  0.01831
   0.5720	  0.01934
   0.5730	  0.02084
   0.5740	  0.02285
   0.5750	  0.01594
   0.5760	  0.01725
   0.5770	  0.01460
   0.5780	  0.00907
   0.5790	  0.01387
   0.5800	  0.01438
   0.5810	  0.00807
   0.5820	  0.00454
   0.5830	  0.00702
   0.5840	  0.00784
   0.5850	  0.00748
   0.5860	  0.00962
   0.5870	  0.01296
   0.5880	  0.01152
   0.5890	  0.01014
   0.5900	  0.01658
   0.5910	  0.01386
   0.5920	  0.01009
   0.5930	  0.01652
   0.5940	  0.01385
   0.5950	  0.00958
   0.5960	  0.00773
   0.5970	  0.00924
   0.5980	  0.00813
   0.5990	  0.00116
   0.6000	  0.00244
   0.6010	  0.00131
   0.6020	 -0.00021
   0.6030	  0.00616
   0.6040	  0.00372
   0.6050	  0.00398
   0.6060	  0.00274
   0.6070	  0.00642
   0.6080	  0.00907
   0.6090	  0.01184
   0.6100	  0.01335
   0.6110	  0.01729
   0.6120	  0.01354
   0.6130	  0.01338
   0.6140	  0.01717
   0.6150	  0.01642
   0.6160	  0.01918
   0.6170	  0.01634
   0.6180	  0.01328
   0.6190	  0.01176
   0.6200	  0.01054
   0.6210	  0.00852
   0.6220	  0.00743
   0.6230	  0.00691
   0.6240	  0.00554
   0.6250	  0.00713
   0.6260	  0.00534
   0.6270	  0.00343
   0.6280	  0.00464
   0.6290	  0.00347
   0.6300	  0.00391
   0.6310	  0.00475
   0.6320	  0.00192
   0.6330	  0.00269
   0.6340	  0.00678
   0.6350	  0.00966
   0.6360	  0.00932
   0.6370	  0.00378
   0.6380	  0.00954
   0.6390	  0.01258
   0.6400	  0.01596
   0.6410	  0.01298
   0.6420	  0.01585
   0.6430	  0.01093
   0.6440	  0.00884
   0.6450	  0.00982
   0.6460	  0.01157
   0.6470	  0.00986
   0.6480	  0.01425
   0.6490	  0.00692
   0.6500	  0.01291
   0.6510	  0.01533
   0.6520	  0.01746
   0.6530	  0.01272
   0.6540	  0.01143
   0.6550	  0.01498
   0.6560	  0.01204
   0.6570	  0.00939
   0.6580	  0.00531
   0.6590	  0.00809
   0.6600	  0.00945
   0.6610	  0.01052
   0.6620	  0.00638
   0.6630	  0.00594
   0.6640	  0.00167
   0.6650	  0.00228
   0.6660	  0.00134
   0.6670	  0.00509
   0.6680	  0.00218
   0.6690	  0.00962
   0.6700	  0.01048
   0.6710	  0.01350
   0.6720	  0.01449
   0.6730	  0.00890
   0.6740	  0.00875
   0.6750	  0.00177
   0.6760	  0.00624
   0.6770	  0.00459
   0.6780	  0.00876
   0.6790	  0.01073
   0.6800	  0.00662
   0.6810	  0.00463
   0.6820	  0.00161
   0.6830	  0.00600
   0.6840	  0.00361
   0.6850	  0.00971
   0.6860	  0.00694
   0.6870	  0.01079
   0.6880	  0.01075
   0.6890	  0.00644
   0.6900	  0.00638
   0.6910	  0.00893
   0.6920	  0.01032
   0.6930	  0.00607
   0.6940	  0.00769
   0.6950	  0.01062
   0.6960	  0.00669
   0.6970	  0.00829
   0.6980	  0.00956
   0.6990	  0.01060
   0.7000	  0.00685
   0.7010	  0.00437
   0.7020	  0.00369
   0.7030	  0.00431
   0.7040	  0.00791
   0.7050	  0.00283
   0.7060	  0.00341
   0.7070	  0.00336
   0.7080	  0.00865
   0.7090	  0.00789
   0.7100	  0.00518
   0.7110	  0.00551
   0.7120	  0.01053
   0.7130	  0.00957
   0.7140	  0.01336
   0.7150	  0.01004
   0.7160	  0.01084
   0.7170	  0.01379
   0.7180	  0.01602
   0.7190	  0.01244
   0.7200	  0.00820
   0.7210	  0.00156
   0.7220	  0.00339
   0.7230	  0.00528
   0.7240	  0.00352
   0.7250	  0.01028
   0.7260	  0.00689
   0.7270	  0.00653
   0.7280	  0.00661
   0.7290	  0.00729
   0.7300	  0.00624
   0.7310	  0.00779
   0.7320	  0.00651
   0.7330	  0.01190
   0.7340	  0.00931
   0.7350	  0.00883
   0.7360	  0.00954
   0.7370	  0.00574
   0.7380	  0.00340
   0.7390	  0.00628
   0.7400	  0.00840
   0.7410	  0.00498
   0.7420	  0.00687
   0.7430	  0.00627
   0.7440	  0.00433
   0.7450	  0.00470
   0.7460	  0.00601
   0.7470	  0.00233
   0.7480	  0.00717
   0.7490	  0.00665
   0.7500	  0.00804
   0.7510	  0.00973
   0.7520	  0.01075
   0.7530	  0.01593
   0.7540	  0.01207
   0.7550	  0.00895
   0.7560	  0.00832
   0.7570	  0.01048
   0.7580	  0.00864
   0.7590	  0.01133
   0.7600	  0.00704
   0.7610	  0.00663
   0.7620	  0.01181
   0.7630	  0.00875
   0.7640	  0.00743
   0.7650	  0.00821
   0.7660	  0.00336
   0.7670	  0.00748
   0.7680	  0.00722
   0.7690	  0.00740
   0.7700	  0.00812
   0.7710	  0.00645
   0.7720	  0.00836
   0.7730	  0.00499
   0.7740	  0.00634
   0.7750	  0.00429
   0.7760	  0.01103
   0.7770	  0.00564
   0.7780	  0.00402
   0.7790	  0.00614
   0.7800	  0.00769
   0.7810	  0.01160
   0.7820	  0.00956
   0.7830	  0.01711
   0.7840	  0.01451
   0.7850	  0.01263
   0.7860	  0.00884
   0.7870	  0.01095
   0.7880	  0.00820
   0.7890	  0.01673
   0.7900	  0.01692
   0.7910	  0.02008
   0.7920	  0.01398
   0.7930	  0.02210
   0.7940	  0.02360
   0.7950	  0.02740
   0.7960	  0.01997
   0.7970	  0.02293
   0.7980	  0.01316
   0.7990	  0.01702
   0.8000	  0.01568
   0.8010	  0.01605
   0.8020	  0.01417
   0.8030	  0.01413
   0.8040	  0.01327
   0.8050	  0.00642
   0.8060	  0.00901
   0.8070	  0.00750
   0.8080	  0.01152
   0.8090	  0.00609
   0.8100	  0.00658
   0.8110	  0.00724
   0.8120	  0.01145
   0.8130	  0.01038
   0.8140	  0.01302
   0.8150	  0.01339
   0.8160	  0.01569
   0.8170	  0.01014
   0.8180	  0.00683
   0.8190	  0.01112
   0.8200	  0.01707
   0.8210	  0.01141
   0.8220	  0.00683
   0.8230	  0.00824
   0.8240	  0.00505
   0.8250	  0.01119
   0.8260	  0.00821
   0.8270	  0.00954
   0.8280	  0.00959
   0.8290	  0.01180
   0.8300	  0.00632
   0.8310	  0.00418
   0.8320	  0.00578
   0.8330	  0.00348
   0.8340	  0.00595
   0.8350	  0.00656
   0.8360	  0.00226
   0.8370	  0.00637
   0.8380	  0.00351
   0.8390	  0.00211
   0.8400	  0.00224
   0.8410	 -0.00074
   0.8420	  0.00262
   0.8430	  0.00893
   0.8440	  0.00178
   0.8450	  0.00262
   0.8460	  0.00126
   0.8470	  0.00573
   0.8480	  0.00258
   0.8490	  0.00192
   0.8500	  0.00535
   0.8510	  0.00740
   0.8520	  0.00951
   0.8530	  0.00737
   0.8540	  0.00914
   0.8550	  0.00441
   0.8560	  0.01066
   0.8570	  0.00361
   0.8580	  0.00530
   0.8590	  0.00642
   0.8600	  0.00307
   0.8610	  0.00676
   0.8620	  0.00383
   0.8630	  0.00068
   0.8640	  0.01488
   0.8650	  0.01031
   0.8660	  0.00782
   0.8670	  0.00969
   0.8680	  0.00460
   0.8690	  0.00275
   0.8700	  0.00299
   0.8710	  0.00225
   0.8720	  0.00177
   0.8730	  0.00086
   0.8740	  0.00551
   0.8750	  0.00731
   0.8760	  0.00957
   0.8770	  0.00810
   0.8780	  0.00959
   0.8790	  0.00812
   0.8800	  0.00145
   0.8810	  0.00798
   0.8820	 -0.00013
   0.8830	  0.00442
   0.8840	  0.00874
   0.8850	  0.00693
   0.8860	  0.00728
   0.8870	  0.00619
   0.8880	  0.00650
   0.8890	  0.00487
   0.8900	  0.00298
   0.8910	  0.00692
   0.8920	  0.00378
   0.8930	  0.00638
   0.8940	  0.00647
   0.8950	  0.00255
   0.8960	  0.01188
   0.8970	  0.00441
   0.8980	  0.01079
   0.8990	  0.00478
   0.9000	  0.00236
   0.9010	  0.00356
   0.9020	  0.00397
   0.9030	  0.00870
   0.9040	  0.00628
   0.9050	  0.01012
   0.9060	  0.00512
   0.9070	  0.00595
   0.9080	  0.00430
   0.9090	  0.01043
   0.9100	  0.00453
   0.9110	  0.00753
   0.9120	  0.00908
   0.9130	  0.00877
   0.9140	  0.00622
   0.9150	  0.00765
   0.9160	  0.00805
   0.9170	  0.00810
   0.9180	  0.00776
   0.9190	  0.01985
   0.9200	  0.01332
   0.9210	  0.01207
   0.9220	  0.01262
   0.9230	  0.01829
   0.9240	  0.01859
   0.9250	  0.01765
   0.9260	  0.01421
   0.9270	  0.00933
   0.9280	  0.01144
   0.9290	  0.00052
   0.9300	  0.00430
   0.9310	  0.00510
   0.9320	  0.00398
   0.9330	  0.01145
   0.9340	  0.01242
   0.9350	  0.00808
   0.9360	  0.00681
   0.9370	  0.00767
   0.9380	  0.00641
   0.9390	  0.01401
   0.9400	  0.01109
   0.9410	  0.00624
   0.9420	  0.00634
   0.9430	  0.00597
   0.9440	  0.00457
   0.9450	  0.00559
   0.9460	  0.00398
   0.9470	  0.00545
   0.9480	  0.00588
   0.9490	  0.00782
   0.9500	  0.00956
   0.9510	  0.00901
   0.9520	  0.01068
   0.9530	  0.00981
   0.9540	  0.01228
   0.9550	  0.00497
   0.9560	  0.00700
   0.9570	  0.00715
   0.9580	  0.00584
   0.9590	  0.00481
   0.9600	  0.00535
   0.9610	  0.00524
   0.9620	  0.00883
   0.9630	  0.00426
   0.9640	  0.01035
   0.9650	  0.00352
   0.9660	  0.00128
   0.9670	  0.00134
   0.9680	  0.00628
   0.9690	  0.00055
   0.9700	  0.00080
   0.9710	  0.00088
   0.9720	  0.00014
   0.9730	 -0.00241
   0.9740	 -0.00005
   0.9750	 -0.00191
   0.9760	  0.00129
   0.9770	  0.00054
   0.9780	  0.00006
   0.9790	  0.00017
   0.9800	 -0.00075
   0.9810	  0.00583
   0.9820	 -0.00139
   0.9830	 -0.00105
   0.9840	  0.00424
   0.9850	  0.00602
   0.9860	  0.00250
   0.9870	  0.00388
   0.9880	  0.00171
   0.9890	  0.00079
   0.9900	  0.00082
   0.9910	  0.00353
   0.9920	  0.00453
   0.9930	  0.00515
   0.9940	  0.00672
   0.9950	  0.00879
   0.9960	  0.00902
   0.9970	  0.00970
   0.9980	  0.00999
   0.9990	  0.00613
   1.0000	  0.01063
