## Jackknife output: chrom 11
## Bin(cM)	Covariance
   0.0010	  0.06279
   0.0020	  0.11488
   0.0030	  0.12377
   0.0040	  0.12554
   0.0050	  0.12435
   0.0060	  0.11408
   0.0070	  0.11232
   0.0080	  0.11224
   0.0090	  0.11773
   0.0100	  0.11901
   0.0110	  0.11078
   0.0120	  0.09863
   0.0130	  0.11151
   0.0140	  0.10247
   0.0150	  0.09478
   0.0160	  0.09477
   0.0170	  0.09297
   0.0180	  0.09166
   0.0190	  0.08871
   0.0200	  0.09037
   0.0210	  0.08878
   0.0220	  0.09177
   0.0230	  0.08535
   0.0240	  0.09706
   0.0250	  0.09573
   0.0260	  0.10848
   0.0270	  0.10217
   0.0280	  0.09141
   0.0290	  0.09064
   0.0300	  0.08564
   0.0310	  0.08950
   0.0320	  0.09084
   0.0330	  0.09383
   0.0340	  0.08992
   0.0350	  0.08523
   0.0360	  0.08960
   0.0370	  0.08459
   0.0380	  0.08862
   0.0390	  0.08232
   0.0400	  0.08866
   0.0410	  0.09880
   0.0420	  0.09125
   0.0430	  0.08697
   0.0440	  0.08861
   0.0450	  0.09144
   0.0460	  0.10183
   0.0470	  0.09319
   0.0480	  0.08654
   0.0490	  0.10092
   0.0500	  0.09295
   0.0510	  0.08144
   0.0520	  0.08467
   0.0530	  0.07893
   0.0540	  0.08101
   0.0550	  0.07935
   0.0560	  0.07501
   0.0570	  0.07969
   0.0580	  0.08381
   0.0590	  0.08478
   0.0600	  0.08261
   0.0610	  0.08113
   0.0620	  0.07778
   0.0630	  0.08285
   0.0640	  0.07515
   0.0650	  0.07934
   0.0660	  0.06343
   0.0670	  0.06283
   0.0680	  0.06057
   0.0690	  0.07186
   0.0700	  0.08124
   0.0710	  0.08055
   0.0720	  0.08415
   0.0730	  0.07930
   0.0740	  0.07359
   0.0750	  0.07595
   0.0760	  0.07553
   0.0770	  0.06804
   0.0780	  0.08084
   0.0790	  0.09287
   0.0800	  0.08871
   0.0810	  0.08850
   0.0820	  0.07786
   0.0830	  0.08192
   0.0840	  0.08297
   0.0850	  0.08676
   0.0860	  0.07422
   0.0870	  0.07052
   0.0880	  0.07172
   0.0890	  0.06296
   0.0900	  0.07325
   0.0910	  0.08001
   0.0920	  0.07199
   0.0930	  0.06175
   0.0940	  0.07054
   0.0950	  0.08011
   0.0960	  0.08164
   0.0970	  0.06867
   0.0980	  0.06079
   0.0990	  0.05896
   0.1000	  0.06675
   0.1010	  0.06874
   0.1020	  0.06078
   0.1030	  0.06415
   0.1040	  0.07710
   0.1050	  0.06480
   0.1060	  0.06848
   0.1070	  0.07249
   0.1080	  0.06326
   0.1090	  0.06422
   0.1100	  0.06462
   0.1110	  0.06402
   0.1120	  0.06496
   0.1130	  0.06113
   0.1140	  0.06197
   0.1150	  0.05432
   0.1160	  0.06252
   0.1170	  0.06045
   0.1180	  0.07113
   0.1190	  0.07055
   0.1200	  0.07477
   0.1210	  0.07452
   0.1220	  0.06936
   0.1230	  0.07984
   0.1240	  0.07675
   0.1250	  0.06930
   0.1260	  0.07354
   0.1270	  0.07334
   0.1280	  0.07862
   0.1290	  0.08180
   0.1300	  0.09162
   0.1310	  0.08777
   0.1320	  0.09511
   0.1330	  0.09643
   0.1340	  0.09491
   0.1350	  0.07705
   0.1360	  0.07409
   0.1370	  0.06110
   0.1380	  0.06382
   0.1390	  0.07026
   0.1400	  0.06954
   0.1410	  0.06560
   0.1420	  0.06697
   0.1430	  0.05848
   0.1440	  0.06333
   0.1450	  0.06769
   0.1460	  0.05740
   0.1470	  0.06218
   0.1480	  0.05194
   0.1490	  0.06558
   0.1500	  0.06075
   0.1510	  0.06020
   0.1520	  0.06124
   0.1530	  0.05957
   0.1540	  0.06236
   0.1550	  0.05650
   0.1560	  0.05385
   0.1570	  0.05506
   0.1580	  0.04610
   0.1590	  0.05061
   0.1600	  0.04785
   0.1610	  0.05350
   0.1620	  0.05265
   0.1630	  0.05417
   0.1640	  0.05756
   0.1650	  0.06081
   0.1660	  0.05916
   0.1670	  0.07200
   0.1680	  0.06950
   0.1690	  0.06433
   0.1700	  0.06399
   0.1710	  0.05682
   0.1720	  0.06236
   0.1730	  0.05869
   0.1740	  0.05506
   0.1750	  0.04966
   0.1760	  0.05703
   0.1770	  0.05239
   0.1780	  0.05671
   0.1790	  0.05293
   0.1800	  0.06238
   0.1810	  0.06214
   0.1820	  0.05164
   0.1830	  0.05512
   0.1840	  0.04832
   0.1850	  0.05571
   0.1860	  0.05832
   0.1870	  0.05473
   0.1880	  0.05330
   0.1890	  0.05791
   0.1900	  0.06018
   0.1910	  0.05295
   0.1920	  0.04936
   0.1930	  0.05253
   0.1940	  0.05077
   0.1950	  0.04737
   0.1960	  0.04522
   0.1970	  0.04069
   0.1980	  0.05071
   0.1990	  0.05376
   0.2000	  0.04373
   0.2010	  0.03663
   0.2020	  0.04883
   0.2030	  0.05042
   0.2040	  0.05012
   0.2050	  0.05103
   0.2060	  0.05572
   0.2070	  0.06133
   0.2080	  0.06713
   0.2090	  0.06098
   0.2100	  0.06658
   0.2110	  0.07758
   0.2120	  0.07949
   0.2130	  0.06472
   0.2140	  0.06259
   0.2150	  0.05659
   0.2160	  0.05235
   0.2170	  0.04479
   0.2180	  0.04302
   0.2190	  0.04924
   0.2200	  0.05512
   0.2210	  0.04392
   0.2220	  0.04584
   0.2230	  0.04712
   0.2240	  0.04419
   0.2250	  0.04980
   0.2260	  0.04672
   0.2270	  0.04034
   0.2280	  0.04270
   0.2290	  0.03697
   0.2300	  0.03536
   0.2310	  0.04043
   0.2320	  0.03954
   0.2330	  0.04039
   0.2340	  0.05111
   0.2350	  0.04831
   0.2360	  0.04685
   0.2370	  0.04911
   0.2380	  0.05858
   0.2390	  0.05852
   0.2400	  0.06312
   0.2410	  0.06221
   0.2420	  0.07803
   0.2430	  0.05750
   0.2440	  0.05313
   0.2450	  0.04913
   0.2460	  0.05068
   0.2470	  0.06173
   0.2480	  0.05597
   0.2490	  0.05711
   0.2500	  0.05092
   0.2510	  0.05392
   0.2520	  0.05752
   0.2530	  0.05310
   0.2540	  0.05136
   0.2550	  0.03962
   0.2560	  0.03597
   0.2570	  0.03861
   0.2580	  0.03604
   0.2590	  0.03855
   0.2600	  0.03532
   0.2610	  0.03771
   0.2620	  0.03314
   0.2630	  0.03063
   0.2640	  0.02681
   0.2650	  0.02893
   0.2660	  0.02435
   0.2670	  0.02469
   0.2680	  0.02950
   0.2690	  0.02931
   0.2700	  0.03370
   0.2710	  0.03234
   0.2720	  0.03386
   0.2730	  0.02562
   0.2740	  0.03356
   0.2750	  0.03783
   0.2760	  0.04286
   0.2770	  0.03492
   0.2780	  0.04308
   0.2790	  0.04487
   0.2800	  0.04850
   0.2810	  0.04252
   0.2820	  0.04328
   0.2830	  0.04380
   0.2840	  0.05500
   0.2850	  0.05632
   0.2860	  0.04767
   0.2870	  0.03860
   0.2880	  0.04362
   0.2890	  0.04655
   0.2900	  0.04570
   0.2910	  0.03798
   0.2920	  0.04255
   0.2930	  0.03513
   0.2940	  0.02916
   0.2950	  0.03565
   0.2960	  0.03100
   0.2970	  0.03319
   0.2980	  0.04142
   0.2990	  0.03527
   0.3000	  0.03021
   0.3010	  0.03821
   0.3020	  0.03624
   0.3030	  0.03649
   0.3040	  0.03078
   0.3050	  0.03341
   0.3060	  0.03903
   0.3070	  0.03508
   0.3080	  0.03117
   0.3090	  0.02915
   0.3100	  0.04186
   0.3110	  0.04321
   0.3120	  0.03416
   0.3130	  0.03817
   0.3140	  0.03222
   0.3150	  0.03593
   0.3160	  0.04079
   0.3170	  0.04002
   0.3180	  0.04725
   0.3190	  0.05232
   0.3200	  0.05297
   0.3210	  0.06382
   0.3220	  0.07391
   0.3230	  0.06260
   0.3240	  0.05259
   0.3250	  0.05955
   0.3260	  0.05617
   0.3270	  0.04820
   0.3280	  0.04477
   0.3290	  0.04674
   0.3300	  0.04376
   0.3310	  0.03327
   0.3320	  0.04418
   0.3330	  0.03630
   0.3340	  0.03223
   0.3350	  0.03343
   0.3360	  0.02995
   0.3370	  0.03271
   0.3380	  0.02798
   0.3390	  0.02740
   0.3400	  0.03063
   0.3410	  0.02786
   0.3420	  0.02793
   0.3430	  0.02334
   0.3440	  0.02750
   0.3450	  0.02939
   0.3460	  0.03858
   0.3470	  0.02692
   0.3480	  0.02271
   0.3490	  0.03196
   0.3500	  0.03118
   0.3510	  0.02723
   0.3520	  0.03324
   0.3530	  0.03183
   0.3540	  0.03401
   0.3550	  0.03080
   0.3560	  0.03039
   0.3570	  0.03113
   0.3580	  0.02786
   0.3590	  0.02737
   0.3600	  0.02481
   0.3610	  0.02658
   0.3620	  0.03078
   0.3630	  0.03148
   0.3640	  0.02908
   0.3650	  0.03423
   0.3660	  0.02953
   0.3670	  0.02564
   0.3680	  0.02836
   0.3690	  0.03193
   0.3700	  0.03366
   0.3710	  0.04013
   0.3720	  0.02791
   0.3730	  0.03357
   0.3740	  0.02909
   0.3750	  0.03085
   0.3760	  0.03540
   0.3770	  0.03269
   0.3780	  0.03813
   0.3790	  0.03754
   0.3800	  0.02999
   0.3810	  0.03434
   0.3820	  0.03382
   0.3830	  0.03406
   0.3840	  0.03976
   0.3850	  0.03338
   0.3860	  0.03368
   0.3870	  0.03401
   0.3880	  0.03832
   0.3890	  0.03182
   0.3900	  0.02730
   0.3910	  0.03181
   0.3920	  0.03562
   0.3930	  0.02498
   0.3940	  0.02387
   0.3950	  0.03028
   0.3960	  0.03333
   0.3970	  0.03663
   0.3980	  0.03507
   0.3990	  0.04747
   0.4000	  0.03765
   0.4010	  0.04498
   0.4020	  0.03855
   0.4030	  0.03435
   0.4040	  0.03176
   0.4050	  0.03156
   0.4060	  0.02815
   0.4070	  0.02599
   0.4080	  0.03474
   0.4090	  0.03291
   0.4100	  0.03054
   0.4110	  0.02743
   0.4120	  0.03014
   0.4130	  0.02217
   0.4140	  0.02350
   0.4150	  0.02803
   0.4160	  0.02807
   0.4170	  0.01886
   0.4180	  0.02000
   0.4190	  0.02010
   0.4200	  0.02154
   0.4210	  0.02425
   0.4220	  0.02367
   0.4230	  0.02487
   0.4240	  0.03652
   0.4250	  0.02826
   0.4260	  0.02384
   0.4270	  0.03050
   0.4280	  0.02864
   0.4290	  0.03041
   0.4300	  0.03128
   0.4310	  0.03744
   0.4320	  0.04040
   0.4330	  0.04264
   0.4340	  0.03836
   0.4350	  0.04467
   0.4360	  0.03626
   0.4370	  0.03588
   0.4380	  0.02993
   0.4390	  0.02738
   0.4400	  0.02695
   0.4410	  0.02741
   0.4420	  0.02640
   0.4430	  0.02475
   0.4440	  0.02469
   0.4450	  0.02510
   0.4460	  0.03000
   0.4470	  0.03068
   0.4480	  0.03190
   0.4490	  0.02755
   0.4500	  0.03245
   0.4510	  0.03281
   0.4520	  0.03108
   0.4530	  0.02855
   0.4540	  0.02430
   0.4550	  0.02358
   0.4560	  0.03420
   0.4570	  0.03688
   0.4580	  0.02312
   0.4590	  0.02647
   0.4600	  0.02958
   0.4610	  0.03395
   0.4620	  0.02596
   0.4630	  0.02235
   0.4640	  0.02295
   0.4650	  0.02401
   0.4660	  0.02688
   0.4670	  0.02551
   0.4680	  0.02659
   0.4690	  0.02657
   0.4700	  0.03120
   0.4710	  0.03122
   0.4720	  0.03584
   0.4730	  0.03021
   0.4740	  0.03462
   0.4750	  0.02508
   0.4760	  0.02239
   0.4770	  0.02226
   0.4780	  0.02410
   0.4790	  0.02169
   0.4800	  0.02530
   0.4810	  0.02414
   0.4820	  0.02424
   0.4830	  0.02628
   0.4840	  0.02516
   0.4850	  0.02978
   0.4860	  0.02917
   0.4870	  0.02613
   0.4880	  0.02206
   0.4890	  0.02468
   0.4900	  0.01969
   0.4910	  0.02797
   0.4920	  0.02470
   0.4930	  0.01937
   0.4940	  0.01987
   0.4950	  0.01831
   0.4960	  0.01455
   0.4970	  0.01727
   0.4980	  0.01545
   0.4990	  0.01111
   0.5000	  0.01711
   0.5010	  0.02023
   0.5020	  0.02195
   0.5030	  0.02162
   0.5040	  0.02340
   0.5050	  0.02354
   0.5060	  0.02399
   0.5070	  0.02633
   0.5080	  0.02262
   0.5090	  0.01798
   0.5100	  0.01875
   0.5110	  0.02241
   0.5120	  0.02048
   0.5130	  0.01993
   0.5140	  0.02037
   0.5150	  0.02384
   0.5160	  0.02553
   0.5170	  0.01532
   0.5180	  0.02221
   0.5190	  0.02189
   0.5200	  0.01963
   0.5210	  0.02360
   0.5220	  0.02052
   0.5230	  0.01950
   0.5240	  0.02055
   0.5250	  0.01753
   0.5260	  0.01590
   0.5270	  0.01436
   0.5280	  0.01228
   0.5290	  0.01744
   0.5300	  0.01853
   0.5310	  0.03087
   0.5320	  0.03556
   0.5330	  0.02559
   0.5340	  0.02732
   0.5350	  0.02449
   0.5360	  0.02049
   0.5370	  0.02031
   0.5380	  0.02094
   0.5390	  0.01760
   0.5400	  0.02382
   0.5410	  0.02274
   0.5420	  0.02314
   0.5430	  0.01659
   0.5440	  0.01945
   0.5450	  0.01726
   0.5460	  0.01285
   0.5470	  0.01659
   0.5480	  0.01251
   0.5490	  0.00836
   0.5500	  0.01064
   0.5510	  0.00899
   0.5520	  0.00883
   0.5530	  0.01206
   0.5540	  0.01109
   0.5550	  0.01662
   0.5560	  0.01500
   0.5570	  0.01621
   0.5580	  0.01191
   0.5590	  0.01056
   0.5600	  0.01694
   0.5610	  0.01050
   0.5620	  0.00949
   0.5630	  0.00842
   0.5640	  0.00849
   0.5650	  0.00858
   0.5660	  0.01385
   0.5670	  0.01820
   0.5680	  0.01570
   0.5690	  0.01845
   0.5700	  0.02412
   0.5710	  0.02130
   0.5720	  0.02126
   0.5730	  0.02228
   0.5740	  0.02497
   0.5750	  0.01882
   0.5760	  0.02092
   0.5770	  0.01911
   0.5780	  0.01241
   0.5790	  0.01735
   0.5800	  0.01681
   0.5810	  0.01027
   0.5820	  0.00575
   0.5830	  0.00927
   0.5840	  0.00996
   0.5850	  0.00913
   0.5860	  0.01109
   0.5870	  0.01201
   0.5880	  0.01362
   0.5890	  0.01058
   0.5900	  0.01888
   0.5910	  0.01688
   0.5920	  0.01140
   0.5930	  0.02149
   0.5940	  0.01793
   0.5950	  0.01125
   0.5960	  0.01259
   0.5970	  0.01046
   0.5980	  0.01191
   0.5990	  0.00410
   0.6000	  0.00653
   0.6010	  0.00670
   0.6020	  0.00817
   0.6030	  0.01095
   0.6040	  0.00941
   0.6050	  0.00971
   0.6060	  0.00627
   0.6070	  0.01009
   0.6080	  0.01461
   0.6090	  0.01255
   0.6100	  0.01508
   0.6110	  0.01866
   0.6120	  0.01536
   0.6130	  0.01526
   0.6140	  0.01957
   0.6150	  0.01929
   0.6160	  0.02062
   0.6170	  0.01787
   0.6180	  0.01582
   0.6190	  0.01508
   0.6200	  0.01408
   0.6210	  0.01121
   0.6220	  0.01121
   0.6230	  0.01068
   0.6240	  0.01314
   0.6250	  0.01330
   0.6260	  0.01053
   0.6270	  0.01455
   0.6280	  0.01201
   0.6290	  0.00927
   0.6300	  0.01013
   0.6310	  0.01009
   0.6320	  0.00873
   0.6330	  0.00658
   0.6340	  0.00989
   0.6350	  0.01492
   0.6360	  0.01283
   0.6370	  0.00678
   0.6380	  0.01497
   0.6390	  0.01734
   0.6400	  0.01959
   0.6410	  0.01754
   0.6420	  0.01880
   0.6430	  0.01581
   0.6440	  0.01186
   0.6450	  0.01510
   0.6460	  0.01509
   0.6470	  0.01366
   0.6480	  0.01678
   0.6490	  0.01184
   0.6500	  0.01694
   0.6510	  0.02465
   0.6520	  0.02314
   0.6530	  0.01855
   0.6540	  0.01815
   0.6550	  0.01914
   0.6560	  0.01586
   0.6570	  0.01412
   0.6580	  0.00916
   0.6590	  0.01148
   0.6600	  0.01379
   0.6610	  0.01453
   0.6620	  0.01228
   0.6630	  0.00942
   0.6640	  0.00455
   0.6650	  0.00590
   0.6660	  0.00658
   0.6670	  0.00980
   0.6680	  0.00934
   0.6690	  0.01546
   0.6700	  0.01691
   0.6710	  0.02062
   0.6720	  0.02100
   0.6730	  0.01489
   0.6740	  0.01656
   0.6750	  0.01110
   0.6760	  0.01435
   0.6770	  0.01024
   0.6780	  0.01540
   0.6790	  0.01563
   0.6800	  0.01051
   0.6810	  0.01058
   0.6820	  0.00759
   0.6830	  0.01039
   0.6840	  0.00915
   0.6850	  0.01631
   0.6860	  0.01270
   0.6870	  0.01480
   0.6880	  0.01297
   0.6890	  0.01096
   0.6900	  0.01003
   0.6910	  0.01154
   0.6920	  0.01565
   0.6930	  0.01063
   0.6940	  0.01208
   0.6950	  0.01638
   0.6960	  0.00863
   0.6970	  0.01106
   0.6980	  0.01433
   0.6990	  0.01338
   0.7000	  0.01282
   0.7010	  0.00913
   0.7020	  0.00725
   0.7030	  0.00649
   0.7040	  0.01007
   0.7050	  0.00565
   0.7060	  0.00715
   0.7070	  0.00785
   0.7080	  0.01170
   0.7090	  0.01159
   0.7100	  0.00736
   0.7110	  0.00660
   0.7120	  0.01202
   0.7130	  0.01310
   0.7140	  0.02019
   0.7150	  0.01584
   0.7160	  0.01705
   0.7170	  0.02487
   0.7180	  0.02953
   0.7190	  0.02219
   0.7200	  0.02108
   0.7210	  0.01496
   0.7220	  0.01427
   0.7230	  0.01531
   0.7240	  0.01887
   0.7250	  0.01871
   0.7260	  0.01770
   0.7270	  0.01847
   0.7280	  0.01658
   0.7290	  0.01568
   0.7300	  0.01287
   0.7310	  0.01237
   0.7320	  0.01161
   0.7330	  0.01635
   0.7340	  0.00905
   0.7350	  0.00913
   0.7360	  0.01093
   0.7370	  0.00629
   0.7380	  0.00496
   0.7390	  0.00606
   0.7400	  0.00751
   0.7410	  0.00699
   0.7420	  0.00990
   0.7430	  0.00868
   0.7440	  0.00659
   0.7450	  0.00721
   0.7460	  0.00868
   0.7470	  0.00680
   0.7480	  0.01159
   0.7490	  0.01066
   0.7500	  0.01360
   0.7510	  0.01257
   0.7520	  0.01696
   0.7530	  0.02046
   0.7540	  0.01639
   0.7550	  0.01239
   0.7560	  0.01103
   0.7570	  0.01319
   0.7580	  0.01163
   0.7590	  0.01393
   0.7600	  0.00907
   0.7610	  0.00947
   0.7620	  0.01407
   0.7630	  0.00971
   0.7640	  0.01056
   0.7650	  0.01135
   0.7660	  0.00853
   0.7670	  0.00813
   0.7680	  0.00836
   0.7690	  0.00948
   0.7700	  0.00988
   0.7710	  0.01075
   0.7720	  0.01129
   0.7730	  0.00905
   0.7740	  0.01063
   0.7750	  0.00814
   0.7760	  0.01708
   0.7770	  0.01404
   0.7780	  0.01162
   0.7790	  0.01536
   0.7800	  0.01549
   0.7810	  0.01965
   0.7820	  0.01924
   0.7830	  0.02375
   0.7840	  0.02264
   0.7850	  0.01981
   0.7860	  0.01387
   0.7870	  0.01696
   0.7880	  0.01357
   0.7890	  0.02103
   0.7900	  0.02147
   0.7910	  0.02398
   0.7920	  0.01731
   0.7930	  0.02510
   0.7940	  0.02462
   0.7950	  0.02782
   0.7960	  0.02294
   0.7970	  0.02532
   0.7980	  0.01683
   0.7990	  0.01996
   0.8000	  0.01831
   0.8010	  0.01705
   0.8020	  0.01524
   0.8030	  0.01518
   0.8040	  0.01367
   0.8050	  0.00841
   0.8060	  0.00974
   0.8070	  0.00820
   0.8080	  0.01161
   0.8090	  0.00746
   0.8100	  0.00741
   0.8110	  0.00901
   0.8120	  0.01301
   0.8130	  0.01224
   0.8140	  0.01488
   0.8150	  0.01274
   0.8160	  0.01427
   0.8170	  0.01124
   0.8180	  0.00982
   0.8190	  0.01172
   0.8200	  0.01964
   0.8210	  0.01265
   0.8220	  0.00702
   0.8230	  0.00979
   0.8240	  0.01032
   0.8250	  0.01437
   0.8260	  0.01272
   0.8270	  0.01717
   0.8280	  0.01686
   0.8290	  0.01781
   0.8300	  0.01389
   0.8310	  0.01055
   0.8320	  0.01419
   0.8330	  0.00961
   0.8340	  0.01303
   0.8350	  0.01274
   0.8360	  0.00600
   0.8370	  0.01140
   0.8380	  0.00795
   0.8390	  0.00469
   0.8400	  0.00410
   0.8410	  0.00265
   0.8420	  0.00410
   0.8430	  0.01126
   0.8440	  0.00474
   0.8450	  0.00554
   0.8460	  0.00395
   0.8470	  0.01029
   0.8480	  0.00373
   0.8490	  0.00469
   0.8500	  0.00563
   0.8510	  0.00847
   0.8520	  0.01045
   0.8530	  0.00965
   0.8540	  0.00986
   0.8550	  0.00565
   0.8560	  0.01196
   0.8570	  0.00476
   0.8580	  0.00729
   0.8590	  0.00783
   0.8600	  0.00567
   0.8610	  0.00979
   0.8620	  0.00664
   0.8630	  0.00232
   0.8640	  0.01641
   0.8650	  0.01237
   0.8660	  0.01147
   0.8670	  0.01189
   0.8680	  0.00722
   0.8690	  0.00497
   0.8700	  0.00625
   0.8710	  0.00650
   0.8720	  0.00349
   0.8730	  0.00132
   0.8740	  0.00850
   0.8750	  0.00825
   0.8760	  0.01174
   0.8770	  0.01030
   0.8780	  0.01026
   0.8790	  0.01089
   0.8800	  0.00284
   0.8810	  0.00923
   0.8820	  0.00395
   0.8830	  0.00762
   0.8840	  0.01123
   0.8850	  0.00784
   0.8860	  0.00823
   0.8870	  0.00774
   0.8880	  0.01024
   0.8890	  0.00813
   0.8900	  0.00678
   0.8910	  0.01044
   0.8920	  0.00853
   0.8930	  0.01058
   0.8940	  0.00945
   0.8950	  0.00244
   0.8960	  0.01416
   0.8970	  0.00542
   0.8980	  0.00992
   0.8990	  0.00516
   0.9000	  0.00443
   0.9010	  0.00765
   0.9020	  0.00775
   0.9030	  0.00900
   0.9040	  0.00699
   0.9050	  0.01464
   0.9060	  0.00512
   0.9070	  0.00561
   0.9080	  0.00429
   0.9090	  0.01117
   0.9100	  0.00523
   0.9110	  0.00861
   0.9120	  0.00906
   0.9130	  0.01153
   0.9140	  0.01008
   0.9150	  0.01241
   0.9160	  0.01282
   0.9170	  0.01427
   0.9180	  0.01114
   0.9190	  0.02510
   0.9200	  0.01829
   0.9210	  0.01377
   0.9220	  0.01725
   0.9230	  0.02098
   0.9240	  0.02102
   0.9250	  0.01861
   0.9260	  0.01541
   0.9270	  0.01191
   0.9280	  0.01499
   0.9290	  0.00543
   0.9300	  0.00849
   0.9310	  0.00946
   0.9320	  0.00864
   0.9330	  0.01494
   0.9340	  0.01684
   0.9350	  0.01153
   0.9360	  0.01072
   0.9370	  0.01139
   0.9380	  0.01194
   0.9390	  0.01842
   0.9400	  0.01302
   0.9410	  0.00687
   0.9420	  0.00850
   0.9430	  0.00811
   0.9440	  0.00752
   0.9450	  0.00725
   0.9460	  0.00688
   0.9470	  0.00733
   0.9480	  0.00777
   0.9490	  0.00856
   0.9500	  0.01250
   0.9510	  0.01315
   0.9520	  0.01421
   0.9530	  0.01249
   0.9540	  0.01411
   0.9550	  0.00741
   0.9560	  0.00854
   0.9570	  0.00768
   0.9580	  0.00750
   0.9590	  0.00505
   0.9600	  0.00559
   0.9610	  0.00545
   0.9620	  0.00969
   0.9630	  0.00520
   0.9640	  0.01410
   0.9650	  0.00806
   0.9660	  0.00565
   0.9670	  0.00692
   0.9680	  0.01067
   0.9690	  0.00467
   0.9700	  0.00437
   0.9710	  0.00469
   0.9720	  0.00379
   0.9730	  0.00031
   0.9740	  0.00328
   0.9750	  0.00079
   0.9760	  0.00243
   0.9770	  0.00448
   0.9780	  0.00325
   0.9790	  0.00260
   0.9800	  0.00035
   0.9810	  0.00878
   0.9820	  0.00072
   0.9830	  0.00168
   0.9840	  0.00791
   0.9850	  0.00999
   0.9860	  0.00662
   0.9870	  0.00758
   0.9880	  0.00468
   0.9890	  0.00360
   0.9900	  0.00437
   0.9910	  0.00749
   0.9920	  0.00922
   0.9930	  0.00918
   0.9940	  0.01140
   0.9950	  0.01270
   0.9960	  0.01378
   0.9970	  0.01399
   0.9980	  0.01991
   0.9990	  0.01390
   1.0000	  0.01596
